Date,Open,High,Low,Close
20190101, 1375.65, 1379.7, 1360.95, 1365.2
20190101, 1365.1, 1365.85, 1358.6, 1362.45
20190101, 1362.45, 1364.2, 1360.85, 1362.45
20190101, 1362.45, 1367.7, 1362.1, 1365.5
20190101, 1365.9, 1365.9, 1362.95, 1363.95
20190101, 1364.2, 1365.0, 1363.3, 1365.0
20190101, 1365.0, 1365.0, 1363.2, 1364.75
20190101, 1364.85, 1365.0, 1364.0, 1364.5
20190101, 1364.5, 1368.1, 1363.5, 1367.0
20190101, 1367.0, 1372.55, 1365.5, 1369.8
20190101, 1369.9, 1375.35, 1368.45, 1374.5
20190101, 1373.55, 1377.0, 1371.6, 1372.35
20190101, 1372.85, 1373.0, 1367.0, 1368.0
20190102, 1366.0, 1373.0, 1363.05, 1365.2
20190102, 1365.2, 1374.0, 1361.6, 1372.0
20190102, 1372.0, 1378.0, 1371.0, 1374.9
20190102, 1374.7, 1377.2, 1374.1, 1376.0
20190102, 1376.5, 1377.0, 1376.0, 1377.0
20190102, 1377.0, 1377.0, 1375.35, 1376.9
20190102, 1376.9, 1377.0, 1373.25, 1374.7
20190102, 1374.85, 1377.0, 1369.1, 1376.05
20190102, 1376.15, 1377.0, 1373.1, 1373.55
20190102, 1373.45, 1373.45, 1369.1, 1370.55
20190102, 1370.55, 1377.15, 1370.15, 1376.8
20190102, 1376.8, 1386.85, 1376.05, 1383.8
20190102, 1383.95, 1384.0, 1377.2, 1380.05
20190103, 1381.8, 1392.75, 1378.0, 1389.95
20190103, 1389.6, 1390.5, 1383.0, 1389.6
20190103, 1389.7, 1392.0, 1386.1, 1388.7
20190103, 1389.35, 1390.9, 1386.9, 1388.4
20190103, 1388.4, 1389.45, 1388.0, 1388.9
20190103, 1388.8, 1390.0, 1386.9, 1388.45
20190103, 1388.4, 1388.8, 1387.65, 1388.05
20190103, 1388.05, 1390.8, 1387.35, 1390.0
20190103, 1390.0, 1390.8, 1387.5, 1389.45
20190103, 1389.25, 1389.75, 1385.1, 1388.5
20190103, 1388.25, 1393.85, 1387.1, 1390.9
20190103, 1390.3, 1391.8, 1387.25, 1389.0
20190103, 1388.75, 1389.0, 1385.05, 1387.0
20190104, 1389.0, 1398.5, 1386.2, 1393.5
20190104, 1393.5, 1397.5, 1391.4, 1394.45
20190104, 1394.45, 1394.55, 1388.15, 1394.05
20190104, 1393.7, 1401.4, 1392.9, 1395.65
20190104, 1395.7, 1398.0, 1394.65, 1395.55
20190104, 1395.55, 1396.0, 1392.0, 1394.0
20190104, 1393.9, 1396.0, 1392.8, 1395.8
20190104, 1395.5, 1396.0, 1394.7, 1395.2
20190104, 1395.2, 1395.9, 1392.55, 1393.1
20190104, 1393.1, 1393.7, 1390.05, 1390.95
20190104, 1390.75, 1392.0, 1388.05, 1391.15
20190104, 1391.15, 1391.9, 1384.0, 1385.85
20190104, 1386.05, 1387.0, 1381.4, 1383.0
20190107, 1386.05, 1395.6, 1383.75, 1386.95
20190107, 1386.7, 1396.35, 1386.55, 1393.65
20190107, 1394.0, 1405.4, 1393.7, 1402.3
20190107, 1402.3, 1403.0, 1398.75, 1399.45
20190107, 1399.7, 1400.0, 1396.0, 1396.0
20190107, 1396.75, 1400.0, 1395.2, 1395.8
20190107, 1395.45, 1397.5, 1395.1, 1396.3
20190107, 1396.9, 1397.0, 1395.6, 1396.9
20190107, 1396.8, 1397.5, 1396.0, 1396.85
20190107, 1396.9, 1397.0, 1396.0, 1396.9
20190107, 1397.0, 1397.0, 1393.05, 1394.8
20190107, 1394.8, 1395.0, 1389.6, 1395.0
20190107, 1395.0, 1399.95, 1394.9, 1395.6
20190108, 1396.0, 1404.9, 1395.5, 1404.0
20190108, 1404.0, 1412.7, 1403.1, 1409.85
20190108, 1409.5, 1411.8, 1405.2, 1407.6
20190108, 1407.6, 1407.9, 1398.35, 1403.85
20190108, 1403.85, 1408.9, 1402.0, 1408.0
20190108, 1407.95, 1407.95, 1405.0, 1405.95
20190108, 1405.9, 1406.0, 1405.0, 1405.8
20190108, 1405.9, 1407.0, 1404.0, 1403.0
20190108, 1402.95, 1405.55, 1399.0, 1403.05
20190108, 1403.1, 1406.0, 1400.45, 1402.35
20190108, 1402.6, 1404.05, 1401.1, 1403.4
20190108, 1403.45, 1403.45, 1400.2, 1404.05
20190108, 1404.15, 1404.2, 1397.1, 1400.0
20190109, 1403.0, 1410.0, 1399.0, 1402.3
20190109, 1402.3, 1403.95, 1400.3, 1402.95
20190109, 1402.7, 1408.0, 1402.0, 1407.6
20190109, 1407.55, 1414.0, 1407.5, 1411.6
20190109, 1412.05, 1412.4, 1409.35, 1409.15
20190109, 1409.2, 1409.8, 1405.5, 1406.0
20190109, 1406.2, 1410.55, 1405.7, 1407.8
20190109, 1407.8, 1408.95, 1406.0, 1407.55
20190109, 1407.6, 1408.5, 1406.55, 1407.4
20190109, 1407.55, 1407.95, 1397.15, 1402.8
20190109, 1402.8, 1404.3, 1399.95, 1402.95
20190109, 1402.95, 1405.75, 1401.45, 1403.85
20190109, 1403.85, 1404.0, 1398.3, 1400.0
20190110, 1390.55, 1398.0, 1388.65, 1393.15
20190110, 1393.15, 1397.25, 1392.8, 1395.55
20190110, 1394.65, 1396.95, 1394.0, 1394.45
20190110, 1394.8, 1395.0, 1393.85, 1394.25
20190110, 1394.25, 1395.5, 1393.0, 1393.2
20190110, 1393.2, 1394.0, 1392.25, 1393.75
20190110, 1393.75, 1394.65, 1393.1, 1394.3
20190110, 1394.3, 1394.45, 1392.8, 1395.0
20190110, 1395.0, 1397.3, 1394.5, 1395.75
20190110, 1395.8, 1399.0, 1393.45, 1398.1
20190110, 1398.1, 1398.4, 1394.0, 1393.6
20190110, 1393.6, 1397.1, 1393.1, 1395.2
20190110, 1395.2, 1400.0, 1395.1, 1399.7
20190111, 1399.7, 1406.2, 1399.1, 1402.4
20190111, 1402.45, 1404.5, 1401.5, 1401.6
20190111, 1401.7, 1402.3, 1398.1, 1399.7
20190111, 1399.85, 1402.9, 1399.2, 1399.85
20190111, 1399.35, 1402.1, 1396.0, 1397.65
20190111, 1397.5, 1397.55, 1392.4, 1395.2
20190111, 1395.2, 1397.15, 1394.65, 1396.75
20190111, 1396.75, 1401.4, 1396.3, 1401.0
20190111, 1400.8, 1401.25, 1396.05, 1398.0
20190111, 1397.95, 1402.5, 1396.85, 1400.25
20190111, 1400.25, 1401.95, 1398.3, 1401.15
20190111, 1401.2, 1405.9, 1401.0, 1401.9
20190111, 1401.9, 1405.75, 1401.4, 1406.0
20190114, 1405.75, 1410.6, 1398.45, 1403.1
20190114, 1402.9, 1405.0, 1399.0, 1399.55
20190114, 1399.45, 1399.85, 1390.5, 1391.5
20190114, 1391.5, 1396.7, 1390.75, 1396.4
20190114, 1396.35, 1398.2, 1393.5, 1393.45
20190114, 1393.0, 1395.6, 1391.45, 1393.5
20190114, 1393.6, 1397.05, 1391.1, 1396.5
20190114, 1396.9, 1397.6, 1395.0, 1395.3
20190114, 1395.3, 1396.0, 1393.1, 1394.85
20190114, 1394.9, 1394.9, 1391.1, 1390.95
20190114, 1390.95, 1393.0, 1387.55, 1387.95
20190114, 1387.95, 1392.4, 1385.45, 1388.8
20190114, 1388.75, 1391.45, 1386.65, 1389.35
20190115, 1392.8, 1408.95, 1392.8, 1407.0
20190115, 1407.0, 1414.45, 1407.0, 1410.6
20190115, 1410.15, 1412.0, 1407.15, 1409.9
20190115, 1410.0, 1412.95, 1409.35, 1412.0
20190115, 1411.95, 1412.0, 1407.5, 1407.85
20190115, 1407.9, 1408.0, 1405.3, 1407.75
20190115, 1407.75, 1408.0, 1407.1, 1408.0
20190115, 1408.0, 1408.0, 1407.4, 1407.35
20190115, 1407.35, 1407.8, 1404.45, 1406.9
20190115, 1407.0, 1407.6, 1404.5, 1405.5
20190115, 1405.0, 1407.65, 1403.2, 1404.9
20190115, 1404.9, 1408.1, 1404.4, 1406.7
20190115, 1406.85, 1407.4, 1403.95, 1407.95
20190116, 1410.0, 1412.95, 1401.0, 1401.75
20190116, 1401.8, 1404.6, 1398.6, 1400.7
20190116, 1400.55, 1402.95, 1399.05, 1402.15
20190116, 1402.1, 1402.15, 1396.2, 1397.25
20190116, 1397.2, 1398.05, 1393.45, 1393.75
20190116, 1393.75, 1395.25, 1393.0, 1395.4
20190116, 1395.05, 1396.45, 1391.45, 1393.0
20190116, 1393.0, 1393.0, 1389.55, 1389.8
20190116, 1389.85, 1391.05, 1389.0, 1390.0
20190116, 1390.0, 1391.05, 1389.05, 1389.95
20190116, 1389.95, 1392.0, 1389.9, 1390.95
20190116, 1391.0, 1391.0, 1389.45, 1390.0
20190116, 1390.0, 1390.0, 1387.8, 1388.0
20190117, 1394.0, 1398.5, 1383.8, 1392.1
20190117, 1392.0, 1396.7, 1391.5, 1394.1
20190117, 1393.95, 1396.8, 1390.05, 1389.45
20190117, 1389.45, 1393.15, 1389.25, 1393.2
20190117, 1393.45, 1395.0, 1391.25, 1392.35
20190117, 1392.35, 1392.35, 1389.4, 1389.8
20190117, 1389.8, 1391.0, 1388.5, 1389.6
20190117, 1389.35, 1390.0, 1388.0, 1388.55
20190117, 1388.45, 1389.0, 1386.55, 1388.5
20190117, 1388.45, 1389.95, 1387.2, 1389.8
20190117, 1389.8, 1393.25, 1389.0, 1390.15
20190117, 1389.95, 1391.8, 1388.05, 1389.0
20190117, 1389.05, 1390.95, 1388.1, 1388.9
20190118, 1392.0, 1394.75, 1383.0, 1389.95
20190118, 1389.1, 1395.95, 1389.1, 1391.25
20190118, 1391.15, 1392.7, 1388.35, 1393.25
20190118, 1393.25, 1401.4, 1393.1, 1397.45
20190118, 1398.0, 1398.5, 1393.45, 1397.0
20190118, 1397.0, 1397.0, 1395.1, 1395.7
20190118, 1396.4, 1396.75, 1389.8, 1390.85
20190118, 1391.0, 1396.35, 1389.0, 1396.6
20190118, 1396.6, 1400.25, 1394.05, 1397.75
20190118, 1397.85, 1404.75, 1396.3, 1399.8
20190118, 1399.8, 1400.4, 1397.0, 1399.95
20190118, 1400.0, 1401.1, 1398.65, 1399.75
20190118, 1399.75, 1404.4, 1399.05, 1394.8
20190121, 1400.0, 1411.0, 1399.2, 1408.05
20190121, 1408.05, 1410.0, 1407.5, 1409.0
20190121, 1409.05, 1412.0, 1402.1, 1402.75
20190121, 1402.55, 1406.85, 1402.1, 1403.1
20190121, 1403.2, 1404.0, 1400.65, 1402.5
20190121, 1402.5, 1403.45, 1397.0, 1403.2
20190121, 1403.7, 1413.0, 1403.1, 1410.55
20190121, 1410.55, 1417.0, 1410.0, 1416.85
20190121, 1416.75, 1418.95, 1414.0, 1415.8
20190121, 1415.8, 1424.5, 1414.95, 1421.0
20190121, 1420.9, 1424.8, 1419.15, 1423.4
20190121, 1423.35, 1424.4, 1418.05, 1422.85
20190121, 1423.4, 1423.8, 1418.65, 1420.85
20190122, 1422.0, 1432.05, 1406.4, 1415.25
20190122, 1415.2, 1416.7, 1410.0, 1412.5
20190122, 1412.5, 1420.0, 1411.3, 1416.5
20190122, 1416.35, 1420.5, 1415.9, 1419.6
20190122, 1419.7, 1423.15, 1415.0, 1416.0
20190122, 1415.95, 1416.65, 1411.15, 1415.0
20190122, 1414.85, 1416.0, 1413.0, 1416.0
20190122, 1416.0, 1416.0, 1412.6, 1413.05
20190122, 1413.1, 1416.0, 1413.0, 1415.95
20190122, 1415.95, 1419.15, 1413.5, 1416.85
20190122, 1416.8, 1425.0, 1378.0, 1384.55
20190122, 1387.8, 1412.0, 1383.55, 1408.85
20190122, 1408.85, 1411.4, 1400.8, 1404.85
20190123, 1427.45, 1429.45, 1391.25, 1409.7
20190123, 1409.5, 1412.35, 1403.4, 1404.95
20190123, 1404.95, 1409.8, 1404.4, 1409.4
20190123, 1409.2, 1413.6, 1407.5, 1412.35
20190123, 1412.7, 1417.4, 1412.0, 1414.25
20190123, 1414.3, 1415.0, 1410.2, 1412.85
20190123, 1412.95, 1413.1, 1411.4, 1412.0
20190123, 1412.25, 1412.4, 1405.2, 1405.15
20190123, 1406.35, 1408.0, 1400.35, 1400.65
20190123, 1400.0, 1404.2, 1400.0, 1403.0
20190123, 1403.0, 1403.35, 1400.15, 1401.95
20190123, 1402.7, 1404.05, 1393.65, 1397.15
20190123, 1397.5, 1399.0, 1390.0, 1399.85
20190124, 1402.4, 1413.5, 1401.15, 1411.0
20190124, 1411.0, 1411.0, 1406.0, 1409.0
20190124, 1409.2, 1410.0, 1406.5, 1408.0
20190124, 1408.0, 1410.0, 1406.55, 1407.85
20190124, 1407.85, 1407.85, 1403.1, 1404.45
20190124, 1404.4, 1406.3, 1404.15, 1405.95
20190124, 1406.0, 1406.25, 1404.35, 1405.55
20190124, 1405.7, 1406.0, 1404.1, 1405.9
20190124, 1405.85, 1406.0, 1396.5, 1399.7
20190124, 1399.2, 1403.5, 1396.7, 1400.85
20190124, 1401.2, 1403.4, 1398.7, 1400.0
20190124, 1400.0, 1406.2, 1399.5, 1402.9
20190124, 1402.9, 1403.0, 1399.85, 1402.9
20190125, 1407.85, 1413.7, 1396.6, 1400.85
20190125, 1400.8, 1402.9, 1392.25, 1396.5
20190125, 1396.4, 1398.9, 1394.15, 1395.15
20190125, 1396.15, 1398.9, 1395.0, 1395.8
20190125, 1395.7, 1400.0, 1393.0, 1392.5
20190125, 1392.95, 1393.5, 1385.2, 1386.25
20190125, 1386.8, 1386.8, 1376.0, 1380.75
20190125, 1380.95, 1384.5, 1380.2, 1383.25
20190125, 1383.25, 1384.0, 1371.45, 1371.75
20190125, 1371.75, 1372.45, 1353.3, 1361.85
20190125, 1362.05, 1371.15, 1357.35, 1369.95
20190125, 1369.95, 1374.1, 1364.4, 1373.05
20190125, 1373.65, 1376.45, 1368.45, 1372.0
20190128, 1376.4, 1388.4, 1366.85, 1379.7
20190128, 1379.2, 1382.0, 1375.0, 1381.05
20190128, 1381.3, 1386.9, 1378.1, 1383.15
20190128, 1383.35, 1391.0, 1380.0, 1375.35
20190128, 1375.35, 1385.0, 1369.2, 1381.7
20190128, 1381.7, 1385.0, 1380.0, 1383.1
20190128, 1383.1, 1384.45, 1382.75, 1383.35
20190128, 1383.5, 1384.45, 1382.95, 1383.8
20190128, 1383.8, 1383.9, 1379.15, 1381.35
20190128, 1381.8, 1383.0, 1373.35, 1375.15
20190128, 1375.4, 1380.0, 1374.55, 1378.7
20190128, 1378.7, 1380.0, 1377.25, 1379.95
20190128, 1380.0, 1382.15, 1378.55, 1377.9
20190129, 1378.8, 1385.0, 1373.2, 1384.65
20190129, 1384.7, 1388.75, 1382.6, 1388.65
20190129, 1388.55, 1393.0, 1387.1, 1393.15
20190129, 1393.15, 1394.4, 1388.3, 1390.5
20190129, 1390.65, 1392.0, 1388.65, 1389.4
20190129, 1389.95, 1390.0, 1389.4, 1389.95
20190129, 1389.95, 1392.9, 1388.35, 1389.95
20190129, 1390.0, 1391.75, 1389.05, 1389.95
20190129, 1390.0, 1391.8, 1388.95, 1390.95
20190129, 1390.95, 1392.55, 1389.35, 1388.8
20190129, 1389.6, 1392.0, 1388.4, 1389.95
20190129, 1390.0, 1394.1, 1389.5, 1391.9
20190129, 1392.0, 1400.0, 1391.9, 1392.0
20190130, 1396.05, 1416.8, 1393.3, 1399.25
20190130, 1399.15, 1402.8, 1398.0, 1402.1
20190130, 1402.45, 1405.9, 1386.0, 1388.6
20190130, 1388.55, 1395.95, 1386.2, 1388.25
20190130, 1388.3, 1389.25, 1380.65, 1382.8
20190130, 1382.8, 1383.3, 1380.45, 1382.45
20190130, 1382.45, 1383.0, 1372.1, 1379.95
20190130, 1379.95, 1388.0, 1376.45, 1386.85
20190130, 1386.85, 1388.0, 1384.0, 1387.8
20190130, 1387.55, 1395.5, 1384.65, 1393.5
20190130, 1393.85, 1397.7, 1380.4, 1387.4
20190130, 1387.25, 1394.5, 1380.0, 1393.1
20190130, 1393.1, 1393.9, 1387.05, 1393.0
20190131, 1395.5, 1402.35, 1393.05, 1394.45
20190131, 1394.3, 1400.0, 1391.05, 1398.85
20190131, 1399.0, 1400.0, 1395.7, 1399.75
20190131, 1399.8, 1404.6, 1399.55, 1400.35
20190131, 1400.5, 1408.0, 1399.0, 1405.8
20190131, 1405.85, 1407.5, 1399.3, 1400.0
20190131, 1400.0, 1404.4, 1399.95, 1400.7
20190131, 1400.75, 1404.9, 1399.0, 1404.3
20190131, 1404.25, 1412.0, 1402.8, 1411.1
20190131, 1411.5, 1413.25, 1408.65, 1413.55
20190131, 1414.0, 1415.0, 1406.05, 1410.0
20190131, 1409.6, 1414.85, 1408.6, 1414.8
20190131, 1414.8, 1415.0, 1403.0, 1407.0
20190201, 1409.35, 1423.85, 1409.3, 1421.5
20190201, 1421.4, 1425.45, 1421.4, 1422.2
20190201, 1422.25, 1423.0, 1419.0, 1422.1
20190201, 1422.95, 1425.0, 1415.05, 1415.6
20190201, 1415.55, 1416.1, 1412.2, 1414.5
20190201, 1414.55, 1416.0, 1408.2, 1414.45
20190201, 1414.45, 1426.85, 1413.9, 1426.2
20190201, 1426.15, 1467.95, 1424.0, 1465.6
20190201, 1465.8, 1469.65, 1445.95, 1448.0
20190201, 1448.5, 1449.1, 1437.2, 1449.25
20190201, 1449.0, 1451.35, 1441.1, 1449.7
20190201, 1450.35, 1460.0, 1444.4, 1458.75
20190201, 1458.65, 1460.0, 1454.45, 1455.0
20190204, 1444.8, 1452.8, 1438.3, 1441.9
20190204, 1441.9, 1442.8, 1437.0, 1439.7
20190204, 1439.95, 1442.0, 1439.0, 1440.25
20190204, 1440.25, 1442.0, 1434.0, 1439.9
20190204, 1439.9, 1442.15, 1439.2, 1440.0
20190204, 1439.95, 1440.0, 1437.2, 1435.9
20190204, 1435.9, 1437.6, 1434.5, 1436.5
20190204, 1436.65, 1438.0, 1436.0, 1437.8
20190204, 1437.7, 1439.0, 1435.3, 1437.9
20190204, 1438.0, 1440.05, 1436.55, 1438.85
20190204, 1438.9, 1448.8, 1438.0, 1446.0
20190204, 1446.55, 1449.9, 1443.0, 1444.75
20190204, 1445.0, 1449.0, 1444.6, 1445.0
20190205, 1444.9, 1458.0, 1443.1, 1447.85
20190205, 1447.5, 1456.25, 1447.0, 1456.45
20190205, 1456.75, 1466.9, 1455.95, 1460.75
20190205, 1461.0, 1461.35, 1455.1, 1455.85
20190205, 1455.0, 1456.8, 1453.0, 1453.6
20190205, 1453.3, 1453.8, 1448.0, 1451.5
20190205, 1451.5, 1451.5, 1447.3, 1451.15
20190205, 1450.65, 1453.95, 1449.25, 1451.45
20190205, 1451.45, 1451.6, 1447.3, 1450.0
20190205, 1450.0, 1450.7, 1447.1, 1451.15
20190205, 1451.25, 1454.0, 1449.65, 1453.0
20190205, 1453.0, 1453.45, 1448.1, 1450.1
20190205, 1450.1, 1453.3, 1448.4, 1455.0
20190206, 1456.25, 1471.2, 1452.3, 1467.0
20190206, 1467.25, 1473.0, 1465.55, 1468.8
20190206, 1468.8, 1468.8, 1461.35, 1461.45
20190206, 1461.5, 1464.65, 1456.1, 1463.7
20190206, 1463.35, 1467.7, 1463.0, 1464.6
20190206, 1464.75, 1466.0, 1463.15, 1464.7
20190206, 1464.75, 1464.8, 1462.7, 1464.75
20190206, 1464.8, 1470.0, 1464.0, 1469.0
20190206, 1469.0, 1469.9, 1464.85, 1469.75
20190206, 1469.75, 1476.2, 1468.4, 1475.7
20190206, 1475.8, 1475.8, 1469.4, 1471.25
20190206, 1471.25, 1474.2, 1466.05, 1470.15
20190206, 1470.1, 1473.0, 1466.75, 1468.0
20190207, 1467.15, 1474.7, 1466.0, 1469.4
20190207, 1469.4, 1470.0, 1460.1, 1465.3
20190207, 1465.95, 1471.75, 1464.55, 1468.0
20190207, 1468.0, 1468.3, 1467.5, 1468.0
20190207, 1468.2, 1468.25, 1458.35, 1463.75
20190207, 1463.2, 1465.2, 1459.2, 1463.9
20190207, 1463.55, 1463.75, 1457.5, 1457.6
20190207, 1457.6, 1460.0, 1457.05, 1460.0
20190207, 1460.0, 1460.35, 1459.0, 1460.0
20190207, 1459.95, 1465.5, 1459.2, 1463.05
20190207, 1463.0, 1471.65, 1462.55, 1470.3
20190207, 1469.8, 1476.8, 1466.0, 1475.9
20190207, 1475.5, 1475.85, 1470.05, 1470.0
20190208, 1468.7, 1480.0, 1467.5, 1468.5
20190208, 1468.25, 1470.9, 1463.35, 1464.4
20190208, 1464.95, 1467.5, 1460.5, 1461.65
20190208, 1461.65, 1461.85, 1457.0, 1462.0
20190208, 1462.0, 1468.0, 1460.0, 1465.3
20190208, 1465.4, 1465.45, 1459.2, 1460.0
20190208, 1460.0, 1460.3, 1453.2, 1452.5
20190208, 1453.0, 1453.0, 1446.55, 1450.2
20190208, 1450.0, 1454.0, 1448.0, 1450.55
20190208, 1450.7, 1458.5, 1449.6, 1450.8
20190208, 1450.8, 1454.0, 1449.0, 1452.05
20190208, 1451.95, 1451.95, 1445.0, 1447.7
20190208, 1447.75, 1453.75, 1446.35, 1448.8
20190211, 1447.8, 1451.45, 1429.65, 1428.05
20190211, 1428.35, 1439.8, 1427.75, 1439.9
20190211, 1439.9, 1447.9, 1437.5, 1441.0
20190211, 1441.85, 1457.3, 1441.15, 1448.4
20190211, 1448.45, 1448.45, 1434.1, 1435.9
20190211, 1436.15, 1439.1, 1434.9, 1437.0
20190211, 1437.0, 1437.0, 1431.9, 1432.05
20190211, 1432.0, 1437.0, 1432.0, 1435.0
20190211, 1435.0, 1435.35, 1433.55, 1435.25
20190211, 1435.25, 1436.95, 1432.0, 1436.7
20190211, 1436.7, 1438.0, 1435.9, 1436.0
20190211, 1436.3, 1438.9, 1433.65, 1438.6
20190211, 1438.9, 1441.1, 1435.55, 1442.15
20190212, 1438.55, 1456.9, 1437.6, 1453.3
20190212, 1453.35, 1453.8, 1447.5, 1451.45
20190212, 1450.95, 1452.45, 1448.4, 1450.0
20190212, 1450.0, 1450.95, 1448.4, 1450.45
20190212, 1450.45, 1450.5, 1445.4, 1447.05
20190212, 1446.35, 1448.0, 1443.15, 1444.85
20190212, 1444.85, 1444.85, 1440.55, 1441.7
20190212, 1441.8, 1442.0, 1438.2, 1438.35
20190212, 1439.0, 1440.7, 1435.25, 1440.0
20190212, 1440.0, 1448.5, 1439.45, 1448.35
20190212, 1448.3, 1449.0, 1444.0, 1444.0
20190212, 1444.0, 1454.6, 1443.95, 1452.0
20190212, 1451.95, 1453.65, 1445.4, 1449.0
20190213, 1450.05, 1450.05, 1441.35, 1447.05
20190213, 1447.05, 1453.65, 1444.0, 1445.0
20190213, 1445.0, 1446.8, 1440.0, 1443.8
20190213, 1443.8, 1444.5, 1441.4, 1441.4
20190213, 1441.2, 1442.0, 1438.2, 1439.6
20190213, 1439.8, 1440.0, 1436.6, 1439.3
20190213, 1440.0, 1440.2, 1437.5, 1439.05
20190213, 1439.15, 1440.0, 1437.5, 1439.8
20190213, 1439.8, 1439.8, 1436.0, 1436.95
20190213, 1436.95, 1437.6, 1431.35, 1433.6
20190213, 1433.6, 1434.4, 1430.35, 1433.2
20190213, 1433.2, 1433.65, 1422.1, 1423.7
20190213, 1423.75, 1423.75, 1417.0, 1418.4
20190214, 1417.0, 1423.15, 1402.45, 1415.95
20190214, 1416.65, 1421.1, 1413.8, 1416.5
20190214, 1416.9, 1420.75, 1414.75, 1417.2
20190214, 1420.5, 1420.5, 1412.5, 1414.2
20190214, 1413.95, 1415.0, 1411.55, 1414.85
20190214, 1414.5, 1415.95, 1407.1, 1409.4
20190214, 1409.4, 1409.9, 1405.5, 1407.0
20190214, 1407.0, 1408.2, 1403.5, 1405.0
20190214, 1404.95, 1405.0, 1400.0, 1400.5
20190214, 1400.5, 1405.5, 1396.5, 1402.7
20190214, 1402.7, 1404.0, 1396.9, 1400.05
20190214, 1399.9, 1400.2, 1396.5, 1399.5
20190214, 1399.5, 1405.0, 1397.6, 1402.0
20190215, 1401.05, 1401.2, 1383.35, 1388.75
20190215, 1388.45, 1390.65, 1380.05, 1380.9
20190215, 1381.3, 1382.2, 1372.1, 1376.65
20190215, 1376.7, 1379.35, 1374.45, 1379.25
20190215, 1379.25, 1382.5, 1378.6, 1381.5
20190215, 1381.5, 1382.3, 1378.5, 1379.4
20190215, 1379.4, 1388.8, 1378.0, 1381.5
20190215, 1381.55, 1382.8, 1378.0, 1379.5
20190215, 1379.6, 1380.7, 1376.7, 1380.65
20190215, 1380.65, 1388.0, 1380.65, 1387.8
20190215, 1387.8, 1391.5, 1384.7, 1384.7
20190215, 1384.95, 1391.0, 1382.3, 1392.3
20190215, 1392.3, 1404.55, 1391.75, 1401.0
20190218, 1398.25, 1399.75, 1372.0, 1372.0
20190218, 1372.0, 1375.15, 1367.05, 1374.45
20190218, 1374.45, 1375.95, 1362.3, 1362.6
20190218, 1363.0, 1363.0, 1349.0, 1352.3
20190218, 1352.3, 1355.85, 1345.0, 1353.0
20190218, 1353.0, 1359.75, 1351.0, 1355.6
20190218, 1355.6, 1364.9, 1355.6, 1364.0
20190218, 1363.85, 1365.0, 1362.2, 1363.3
20190218, 1363.3, 1366.75, 1362.05, 1364.85
20190218, 1364.85, 1369.45, 1364.85, 1367.75
20190218, 1367.95, 1379.9, 1367.95, 1380.2
20190218, 1380.45, 1384.0, 1370.15, 1382.7
20190218, 1382.7, 1383.0, 1374.15, 1374.95
20190219, 1372.05, 1390.9, 1371.15, 1390.7
20190219, 1390.5, 1396.95, 1390.0, 1394.75
20190219, 1394.3, 1395.0, 1382.7, 1383.3
20190219, 1383.4, 1391.8, 1382.45, 1390.05
20190219, 1390.5, 1390.9, 1384.7, 1389.05
20190219, 1389.7, 1393.25, 1388.0, 1390.75
20190219, 1390.75, 1393.4, 1383.7, 1387.65
20190219, 1388.45, 1394.05, 1388.2, 1391.9
20190219, 1391.9, 1393.85, 1385.5, 1386.8
20190219, 1387.4, 1388.05, 1377.0, 1381.6
20190219, 1382.1, 1384.65, 1378.6, 1376.55
20190219, 1376.6, 1380.9, 1371.0, 1378.9
20190219, 1378.9, 1380.0, 1375.45, 1378.95
20190220, 1380.05, 1395.0, 1380.05, 1391.6
20190220, 1391.45, 1393.5, 1382.3, 1390.8
20190220, 1390.8, 1391.0, 1385.7, 1387.5
20190220, 1387.7, 1391.0, 1386.6, 1389.7
20190220, 1389.0, 1389.8, 1388.0, 1388.25
20190220, 1388.75, 1390.0, 1386.0, 1387.65
20190220, 1387.65, 1388.05, 1376.0, 1382.5
20190220, 1382.85, 1387.0, 1380.45, 1386.8
20190220, 1386.8, 1392.95, 1386.05, 1390.4
20190220, 1390.45, 1397.0, 1388.0, 1388.35
20190220, 1388.35, 1395.85, 1388.35, 1395.15
20190220, 1395.15, 1398.8, 1393.15, 1395.45
20190220, 1395.0, 1398.0, 1394.05, 1396.8
20190221, 1391.15, 1404.0, 1390.3, 1399.0
20190221, 1399.0, 1402.5, 1393.0, 1403.5
20190221, 1403.5, 1407.85, 1401.0, 1404.15
20190221, 1404.55, 1407.0, 1401.35, 1402.25
20190221, 1402.25, 1407.0, 1401.65, 1405.7
20190221, 1406.3, 1406.75, 1402.0, 1403.7
20190221, 1403.4, 1403.4, 1397.5, 1399.0
20190221, 1399.5, 1400.0, 1398.0, 1398.7
20190221, 1398.15, 1399.4, 1396.35, 1399.0
20190221, 1399.0, 1399.4, 1397.0, 1397.45
20190221, 1397.45, 1400.0, 1397.1, 1398.15
20190221, 1398.05, 1399.0, 1396.9, 1397.55
20190221, 1397.85, 1400.0, 1394.0, 1397.0
20190222, 1399.0, 1407.75, 1399.0, 1402.45
20190222, 1401.7, 1402.05, 1390.0, 1395.55
20190222, 1396.0, 1396.0, 1388.1, 1393.9
20190222, 1393.8, 1394.5, 1390.4, 1393.35
20190222, 1393.35, 1398.0, 1391.1, 1393.7
20190222, 1393.45, 1394.0, 1384.2, 1385.0
20190222, 1385.0, 1392.65, 1384.2, 1392.15
20190222, 1392.5, 1396.0, 1391.55, 1393.45
20190222, 1394.1, 1397.0, 1393.45, 1396.0
20190222, 1396.05, 1402.0, 1393.1, 1400.0
20190222, 1400.0, 1400.0, 1397.0, 1399.8
20190222, 1399.75, 1400.0, 1395.2, 1399.2
20190222, 1399.25, 1400.0, 1389.0, 1389.0
20190225, 1399.0, 1399.6, 1391.35, 1397.5
20190225, 1397.05, 1405.8, 1397.0, 1402.3
20190225, 1402.0, 1403.95, 1398.0, 1398.85
20190225, 1398.8, 1400.4, 1398.5, 1400.0
20190225, 1399.95, 1402.0, 1399.4, 1400.0
20190225, 1399.95, 1400.0, 1398.25, 1400.0
20190225, 1399.95, 1400.0, 1395.5, 1397.5
20190225, 1396.9, 1399.45, 1396.0, 1396.9
20190225, 1397.0, 1398.15, 1396.25, 1398.0
20190225, 1397.95, 1399.5, 1397.15, 1399.0
20190225, 1399.0, 1399.85, 1398.45, 1399.0
20190225, 1399.0, 1399.5, 1396.9, 1398.95
20190225, 1399.0, 1399.0, 1397.1, 1398.25
20190226, 1392.55, 1403.35, 1384.0, 1384.95
20190226, 1384.95, 1387.65, 1378.6, 1388.0
20190226, 1388.0, 1394.45, 1387.35, 1390.0
20190226, 1390.0, 1397.6, 1389.3, 1396.25
20190226, 1396.1, 1399.0, 1394.5, 1397.7
20190226, 1397.7, 1400.0, 1395.25, 1397.75
20190226, 1397.8, 1398.15, 1395.5, 1397.0
20190226, 1397.0, 1399.0, 1396.0, 1397.95
20190226, 1397.1, 1397.95, 1396.0, 1397.1
20190226, 1396.7, 1398.0, 1396.35, 1396.95
20190226, 1397.0, 1407.0, 1396.0, 1403.0
20190226, 1402.95, 1403.25, 1397.15, 1402.4
20190226, 1402.35, 1403.15, 1398.5, 1400.95
20190227, 1404.4, 1430.85, 1404.4, 1423.7
20190227, 1423.7, 1424.3, 1419.15, 1422.5
20190227, 1422.2, 1427.0, 1419.3, 1426.25
20190227, 1426.3, 1426.5, 1422.0, 1424.0
20190227, 1423.85, 1424.4, 1410.0, 1412.0
20190227, 1412.0, 1413.9, 1396.25, 1399.65
20190227, 1400.65, 1409.7, 1399.95, 1407.55
20190227, 1407.55, 1408.0, 1402.5, 1402.95
20190227, 1402.95, 1405.0, 1398.2, 1401.45
20190227, 1401.1, 1402.0, 1397.75, 1399.0
20190227, 1398.5, 1400.0, 1395.0, 1400.0
20190227, 1400.0, 1410.9, 1399.4, 1405.0
20190227, 1405.0, 1410.75, 1400.1, 1402.95
20190228, 1413.85, 1415.0, 1402.1, 1406.45
20190228, 1406.6, 1413.0, 1406.35, 1409.0
20190228, 1408.95, 1409.45, 1405.5, 1408.2
20190228, 1408.1, 1410.0, 1405.6, 1407.95
20190228, 1408.0, 1408.05, 1407.1, 1407.95
20190228, 1408.0, 1408.0, 1406.2, 1407.95
20190228, 1408.0, 1408.05, 1406.0, 1407.85
20190228, 1407.85, 1409.5, 1405.7, 1409.0
20190228, 1408.8, 1410.0, 1408.35, 1408.85
20190228, 1408.85, 1410.0, 1408.85, 1410.0
20190228, 1410.0, 1410.0, 1409.2, 1410.0
20190228, 1410.0, 1410.0, 1401.45, 1405.75
20190228, 1405.8, 1408.05, 1403.6, 1405.2
20190301, 1407.55, 1412.3, 1397.45, 1406.25
20190301, 1406.15, 1417.95, 1406.1, 1415.2
20190301, 1415.1, 1416.8, 1413.0, 1415.2
20190301, 1415.2, 1415.25, 1411.0, 1412.0
20190301, 1412.0, 1412.0, 1409.1, 1407.25
20190301, 1407.5, 1407.85, 1398.6, 1399.75
20190301, 1399.5, 1400.05, 1393.55, 1396.55
20190301, 1396.45, 1396.6, 1393.0, 1394.0
20190301, 1394.0, 1394.1, 1388.1, 1390.6
20190301, 1390.6, 1394.0, 1390.0, 1393.15
20190301, 1393.2, 1394.45, 1392.0, 1393.2
20190301, 1394.0, 1394.15, 1390.25, 1393.0
20190301, 1392.9, 1393.9, 1390.0, 1394.0
20190305, 1392.2, 1406.0, 1382.7, 1399.85
20190305, 1399.2, 1399.7, 1391.0, 1395.8
20190305, 1395.5, 1400.0, 1395.3, 1399.15
20190305, 1399.15, 1402.25, 1395.6, 1396.75
20190305, 1397.2, 1400.0, 1396.5, 1398.45
20190305, 1398.1, 1400.65, 1396.45, 1398.75
20190305, 1398.75, 1399.0, 1397.1, 1398.0
20190305, 1397.95, 1400.0, 1397.9, 1399.1
20190305, 1399.1, 1399.75, 1396.5, 1397.0
20190305, 1396.95, 1399.1, 1396.15, 1397.95
20190305, 1397.9, 1403.5, 1397.8, 1401.65
20190305, 1401.65, 1403.0, 1399.65, 1401.05
20190305, 1401.0, 1409.75, 1401.0, 1401.1
20190306, 1408.0, 1409.85, 1394.1, 1397.25
20190306, 1397.25, 1410.0, 1397.2, 1406.85
20190306, 1406.9, 1407.65, 1398.0, 1404.95
20190306, 1404.95, 1405.9, 1400.0, 1401.5
20190306, 1401.45, 1401.9, 1399.65, 1401.0
20190306, 1401.0, 1407.2, 1401.0, 1401.4
20190306, 1401.55, 1403.2, 1400.0, 1400.15
20190306, 1400.15, 1400.95, 1399.3, 1400.0
20190306, 1400.0, 1400.5, 1392.3, 1394.85
20190306, 1395.15, 1395.5, 1388.3, 1389.05
20190306, 1389.5, 1390.0, 1388.0, 1389.45
20190306, 1389.45, 1396.0, 1386.55, 1394.9
20190306, 1394.9, 1397.35, 1390.05, 1396.75
20190307, 1395.0, 1402.7, 1394.25, 1400.0
20190307, 1399.65, 1405.5, 1398.55, 1399.2
20190307, 1399.95, 1400.0, 1396.55, 1399.95
20190307, 1399.95, 1401.0, 1398.15, 1400.55
20190307, 1400.55, 1401.0, 1400.0, 1400.35
20190307, 1400.35, 1401.0, 1399.0, 1400.15
20190307, 1400.25, 1401.0, 1399.0, 1400.0
20190307, 1400.05, 1400.2, 1396.0, 1400.0
20190307, 1400.0, 1401.0, 1399.1, 1400.05
20190307, 1400.0, 1400.05, 1399.0, 1400.0
20190307, 1399.95, 1400.05, 1399.0, 1399.65
20190307, 1399.75, 1400.0, 1393.3, 1395.85
20190307, 1395.95, 1396.7, 1392.0, 1395.5
20190308, 1393.5, 1394.65, 1380.4, 1390.8
20190308, 1390.85, 1393.4, 1388.0, 1391.6
20190308, 1391.65, 1392.9, 1389.05, 1391.55
20190308, 1392.0, 1392.05, 1390.05, 1391.85
20190308, 1391.85, 1392.0, 1389.05, 1390.5
20190308, 1390.6, 1390.9, 1386.1, 1387.95
20190308, 1388.0, 1388.0, 1385.15, 1384.1
20190308, 1384.0, 1387.05, 1381.45, 1384.5
20190308, 1384.3, 1385.7, 1382.65, 1384.7
20190308, 1384.45, 1385.5, 1382.35, 1383.9
20190308, 1383.95, 1384.0, 1383.0, 1384.0
20190308, 1384.0, 1385.95, 1380.0, 1381.35
20190308, 1381.35, 1385.0, 1380.0, 1385.0
20190311, 1389.0, 1395.0, 1385.0, 1391.35
20190311, 1391.35, 1392.85, 1389.15, 1389.35
20190311, 1389.1, 1396.3, 1388.2, 1395.7
20190311, 1395.5, 1396.3, 1393.0, 1394.5
20190311, 1394.5, 1394.9, 1392.0, 1394.5
20190311, 1394.45, 1404.0, 1394.45, 1402.0
20190311, 1402.0, 1410.8, 1400.55, 1407.95
20190311, 1407.95, 1410.0, 1404.5, 1406.6
20190311, 1406.7, 1410.0, 1406.05, 1408.85
20190311, 1408.9, 1414.8, 1405.75, 1413.85
20190311, 1413.95, 1423.0, 1412.55, 1422.0
20190311, 1421.95, 1422.9, 1418.3, 1420.05
20190311, 1420.1, 1421.85, 1414.95, 1419.0
20190312, 1421.2, 1437.0, 1421.2, 1435.85
20190312, 1435.8, 1445.35, 1435.65, 1444.2
20190312, 1444.0, 1444.9, 1437.85, 1441.35
20190312, 1441.35, 1441.95, 1438.7, 1439.4
20190312, 1439.35, 1440.0, 1433.0, 1435.0
20190312, 1434.95, 1434.95, 1429.1, 1430.0
20190312, 1429.95, 1430.05, 1428.0, 1430.0
20190312, 1430.0, 1430.0, 1428.95, 1429.3
20190312, 1429.15, 1429.15, 1428.05, 1429.0
20190312, 1428.95, 1430.0, 1425.3, 1429.75
20190312, 1429.75, 1430.0, 1429.3, 1429.95
20190312, 1430.0, 1430.0, 1425.6, 1429.1
20190312, 1429.4, 1430.0, 1426.15, 1428.0
20190313, 1437.25, 1437.3, 1421.0, 1424.1
20190313, 1424.15, 1432.0, 1422.7, 1429.65
20190313, 1429.05, 1430.65, 1428.35, 1427.05
20190313, 1427.5, 1429.35, 1426.15, 1428.0
20190313, 1428.45, 1428.45, 1423.25, 1424.9
20190313, 1425.0, 1425.0, 1422.7, 1424.0
20190313, 1424.05, 1424.25, 1422.45, 1423.45
20190313, 1423.6, 1424.5, 1422.0, 1420.65
20190313, 1420.05, 1422.0, 1417.0, 1421.45
20190313, 1421.5, 1423.6, 1419.65, 1421.95
20190313, 1421.95, 1425.0, 1420.0, 1425.0
20190313, 1425.0, 1430.95, 1424.8, 1427.9
20190313, 1428.0, 1431.75, 1427.0, 1431.0
20190314, 1432.65, 1432.65, 1425.0, 1427.85
20190314, 1427.65, 1428.25, 1420.0, 1427.95
20190314, 1427.9, 1444.1, 1427.55, 1441.7
20190314, 1441.55, 1446.95, 1439.0, 1442.7
20190314, 1442.8, 1444.8, 1439.05, 1439.9
20190314, 1440.4, 1441.7, 1436.2, 1436.6
20190314, 1436.6, 1437.0, 1435.2, 1434.1
20190314, 1434.5, 1434.75, 1431.1, 1431.6
20190314, 1431.6, 1436.15, 1430.5, 1431.4
20190314, 1431.35, 1434.7, 1429.95, 1434.4
20190314, 1434.2, 1437.95, 1433.95, 1437.4
20190314, 1436.5, 1437.45, 1431.15, 1433.55
20190314, 1433.6, 1440.0, 1431.6, 1440.0
20190315, 1433.95, 1446.75, 1432.9, 1437.95
20190315, 1438.0, 1445.0, 1435.75, 1442.65
20190315, 1442.6, 1457.0, 1442.4, 1451.45
20190315, 1451.4, 1452.8, 1445.15, 1447.0
20190315, 1447.0, 1448.75, 1440.5, 1442.7
20190315, 1442.7, 1445.0, 1441.5, 1442.4
20190315, 1442.85, 1444.75, 1437.9, 1438.35
20190315, 1438.35, 1441.45, 1437.85, 1437.45
20190315, 1437.4, 1438.5, 1433.7, 1437.5
20190315, 1437.8, 1442.0, 1435.0, 1435.25
20190315, 1435.2, 1439.95, 1428.95, 1435.0
20190315, 1434.95, 1438.95, 1430.25, 1434.0
20190315, 1433.95, 1434.95, 1428.65, 1437.0
20190318, 1445.0, 1457.0, 1444.05, 1456.0
20190318, 1456.1, 1460.6, 1449.05, 1452.25
20190318, 1452.2, 1454.25, 1446.2, 1447.25
20190318, 1447.1, 1451.45, 1442.0, 1443.0
20190318, 1443.0, 1443.05, 1440.5, 1442.95
20190318, 1443.0, 1443.0, 1438.0, 1439.0
20190318, 1439.0, 1440.0, 1438.5, 1439.8
20190318, 1439.85, 1441.0, 1436.6, 1438.0
20190318, 1438.0, 1440.0, 1437.6, 1439.95
20190318, 1439.95, 1442.0, 1439.65, 1441.0
20190318, 1441.0, 1441.6, 1439.65, 1439.95
20190318, 1440.0, 1448.0, 1439.3, 1447.75
20190318, 1447.65, 1448.55, 1443.4, 1446.85
20190319, 1443.5, 1449.0, 1440.0, 1446.0
20190319, 1447.0, 1457.3, 1446.3, 1452.55
20190319, 1452.55, 1456.9, 1452.55, 1457.0
20190319, 1457.25, 1459.15, 1456.2, 1458.75
20190319, 1458.75, 1459.85, 1457.0, 1458.35
20190319, 1458.35, 1458.7, 1456.2, 1457.5
20190319, 1457.2, 1457.5, 1453.0, 1456.35
20190319, 1456.4, 1456.4, 1453.05, 1454.7
20190319, 1454.7, 1455.9, 1454.35, 1454.9
20190319, 1454.9, 1455.2, 1454.2, 1454.6
20190319, 1454.6, 1455.25, 1452.1, 1453.35
20190319, 1453.6, 1454.9, 1452.65, 1453.95
20190319, 1454.0, 1454.45, 1451.95, 1453.45
20190320, 1457.45, 1461.35, 1448.5, 1454.0
20190320, 1453.6, 1457.7, 1451.5, 1455.0
20190320, 1455.0, 1458.95, 1454.4, 1457.8
20190320, 1458.0, 1466.0, 1457.0, 1461.8
20190320, 1461.25, 1463.15, 1459.65, 1459.95
20190320, 1460.0, 1461.0, 1457.25, 1459.35
20190320, 1459.0, 1459.5, 1456.0, 1458.0
20190320, 1458.0, 1458.0, 1456.0, 1456.6
20190320, 1456.6, 1456.6, 1452.0, 1455.0
20190320, 1455.0, 1455.9, 1453.05, 1455.4
20190320, 1455.4, 1457.0, 1452.85, 1453.4
20190320, 1453.4, 1455.0, 1450.15, 1455.0
20190320, 1455.0, 1461.9, 1454.95, 1455.6
20190322, 1459.05, 1475.0, 1459.0, 1474.35
20190322, 1474.35, 1479.9, 1473.55, 1475.1
20190322, 1475.1, 1476.0, 1466.4, 1469.45
20190322, 1469.25, 1471.0, 1463.65, 1465.2
20190322, 1465.05, 1465.5, 1461.1, 1464.15
20190322, 1464.15, 1464.75, 1456.3, 1459.35
20190322, 1459.3, 1460.0, 1459.0, 1459.4
20190322, 1459.4, 1459.6, 1458.0, 1459.45
20190322, 1459.5, 1462.5, 1459.45, 1461.3
20190322, 1461.3, 1462.0, 1456.15, 1457.5
20190322, 1457.35, 1460.35, 1452.6, 1461.95
20190322, 1462.0, 1472.85, 1460.85, 1472.0
20190322, 1472.0, 1476.95, 1468.7, 1471.2
20190325, 1465.85, 1475.6, 1457.0, 1457.5
20190325, 1458.2, 1468.9, 1456.5, 1462.15
20190325, 1462.2, 1465.0, 1457.65, 1459.8
20190325, 1459.75, 1464.95, 1458.0, 1462.0
20190325, 1462.4, 1463.7, 1460.5, 1461.4
20190325, 1461.55, 1462.95, 1458.5, 1459.1
20190325, 1459.5, 1460.0, 1454.3, 1456.5
20190325, 1456.7, 1458.0, 1456.05, 1456.7
20190325, 1456.5, 1457.25, 1455.0, 1458.0
20190325, 1458.0, 1458.5, 1454.0, 1457.5
20190325, 1457.5, 1458.0, 1451.5, 1457.0
20190325, 1456.9, 1459.5, 1455.2, 1457.9
20190325, 1457.9, 1458.95, 1454.85, 1460.0
20190326, 1461.9, 1468.7, 1461.1, 1464.0
20190326, 1464.45, 1466.8, 1462.5, 1465.9
20190326, 1465.35, 1479.0, 1464.95, 1477.5
20190326, 1477.5, 1489.4, 1477.5, 1481.35
20190326, 1481.35, 1484.0, 1479.0, 1481.8
20190326, 1482.0, 1482.45, 1479.0, 1480.0
20190326, 1480.0, 1480.05, 1476.85, 1478.85
20190326, 1478.85, 1479.1, 1476.6, 1477.55
20190326, 1477.95, 1480.45, 1477.0, 1479.3
20190326, 1479.35, 1482.0, 1477.9, 1483.45
20190326, 1482.7, 1492.25, 1481.35, 1488.9
20190326, 1488.75, 1490.0, 1481.0, 1485.0
20190326, 1485.75, 1486.7, 1482.0, 1482.0
20190327, 1492.1, 1496.95, 1481.65, 1485.55
20190327, 1486.0, 1489.65, 1485.35, 1487.0
20190327, 1486.95, 1487.0, 1481.1, 1483.0
20190327, 1483.05, 1483.05, 1475.0, 1476.0
20190327, 1475.55, 1476.0, 1469.0, 1469.0
20190327, 1468.65, 1469.9, 1463.5, 1468.8
20190327, 1468.8, 1473.15, 1466.75, 1473.15
20190327, 1473.0, 1474.0, 1469.05, 1473.5
20190327, 1473.5, 1476.0, 1469.2, 1470.6
20190327, 1470.2, 1472.55, 1465.3, 1470.0
20190327, 1470.0, 1477.9, 1469.0, 1472.6
20190327, 1473.1, 1475.0, 1470.0, 1472.15
20190327, 1472.2, 1473.45, 1468.9, 1471.5
20190328, 1474.75, 1486.9, 1473.7, 1486.15
20190328, 1486.3, 1488.95, 1481.95, 1483.35
20190328, 1482.8, 1485.6, 1477.05, 1484.35
20190328, 1484.35, 1484.85, 1481.0, 1481.6
20190328, 1481.6, 1483.0, 1478.5, 1482.0
20190328, 1482.0, 1482.0, 1479.1, 1481.0
20190328, 1481.2, 1481.45, 1476.9, 1477.95
20190328, 1477.9, 1481.0, 1477.1, 1478.5
20190328, 1478.5, 1479.0, 1477.55, 1477.9
20190328, 1478.0, 1482.4, 1477.9, 1481.95
20190328, 1482.0, 1482.25, 1479.4, 1481.2
20190328, 1481.3, 1500.0, 1480.65, 1499.8
20190328, 1500.0, 1508.95, 1498.0, 1500.15
20190329, 1503.1, 1508.65, 1492.7, 1495.0
20190329, 1496.0, 1499.0, 1488.6, 1496.15
20190329, 1496.65, 1497.75, 1488.5, 1490.15
20190329, 1490.15, 1490.25, 1488.0, 1489.9
20190329, 1490.0, 1490.0, 1488.0, 1489.85
20190329, 1489.9, 1490.0, 1489.25, 1490.0
20190329, 1490.0, 1494.0, 1489.8, 1490.0
20190329, 1490.0, 1490.0, 1489.8, 1490.0
20190329, 1490.0, 1490.1, 1489.85, 1490.0
20190329, 1490.0, 1490.0, 1485.0, 1488.0
20190329, 1487.95, 1488.0, 1486.0, 1487.95
20190329, 1488.0, 1495.0, 1486.0, 1494.0
20190329, 1493.85, 1493.85, 1488.7, 1488.5
20190401, 1497.0, 1503.0, 1493.7, 1499.5
20190401, 1500.0, 1502.5, 1497.0, 1501.0
20190401, 1501.1, 1504.0, 1492.15, 1494.1
20190401, 1494.0, 1499.05, 1493.0, 1498.25
20190401, 1498.5, 1498.5, 1495.0, 1496.75
20190401, 1496.8, 1499.0, 1495.55, 1496.85
20190401, 1496.85, 1499.0, 1496.85, 1498.7
20190401, 1498.75, 1499.0, 1497.05, 1498.2
20190401, 1498.1, 1499.0, 1497.5, 1498.0
20190401, 1498.35, 1498.5, 1495.35, 1495.9
20190401, 1495.85, 1497.9, 1493.0, 1494.0
20190401, 1494.2, 1496.55, 1490.0, 1493.4
20190401, 1493.25, 1494.9, 1490.15, 1493.0
20190402, 1493.9, 1502.0, 1484.55, 1489.7
20190402, 1490.45, 1499.95, 1489.6, 1499.1
20190402, 1499.35, 1499.45, 1494.95, 1498.25
20190402, 1498.3, 1512.9, 1496.9, 1509.8
20190402, 1509.85, 1510.0, 1503.0, 1505.05
20190402, 1504.8, 1507.85, 1501.0, 1505.15
20190402, 1505.1, 1508.2, 1504.0, 1509.2
20190402, 1509.5, 1511.0, 1504.4, 1511.25
20190402, 1511.2, 1514.8, 1508.0, 1514.0
20190402, 1513.95, 1519.85, 1511.35, 1514.2
20190402, 1514.35, 1519.0, 1510.0, 1515.95
20190402, 1516.0, 1520.0, 1514.5, 1518.25
20190402, 1518.25, 1523.45, 1518.15, 1522.75
20190403, 1521.25, 1529.85, 1515.3, 1525.1
20190403, 1525.1, 1528.5, 1521.2, 1525.1
20190403, 1525.4, 1527.6, 1523.35, 1524.8
20190403, 1524.8, 1527.8, 1523.25, 1524.55
20190403, 1524.55, 1525.65, 1518.95, 1519.4
20190403, 1519.4, 1519.5, 1513.0, 1516.9
20190403, 1516.6, 1518.6, 1514.1, 1514.5
20190403, 1515.0, 1516.25, 1514.0, 1516.0
20190403, 1515.75, 1516.25, 1509.0, 1511.15
20190403, 1511.15, 1515.0, 1511.15, 1515.0
20190403, 1514.95, 1515.0, 1507.5, 1508.9
20190403, 1508.8, 1509.05, 1494.7, 1495.8
20190403, 1495.35, 1500.6, 1493.8, 1503.0
20190404, 1504.0, 1522.0, 1503.0, 1519.9
20190404, 1519.9, 1525.0, 1519.15, 1522.45
20190404, 1522.45, 1524.1, 1512.5, 1515.6
20190404, 1515.7, 1524.9, 1515.2, 1521.65
20190404, 1521.65, 1522.25, 1516.9, 1518.9
20190404, 1518.0, 1520.0, 1516.1, 1518.95
20190404, 1518.95, 1519.25, 1516.55, 1516.95
20190404, 1517.0, 1519.55, 1515.6, 1516.95
20190404, 1517.0, 1518.0, 1515.6, 1518.0
20190404, 1517.95, 1519.35, 1515.0, 1516.4
20190404, 1516.5, 1517.0, 1510.85, 1511.0
20190404, 1511.0, 1523.9, 1507.0, 1518.9
20190404, 1519.2, 1521.0, 1516.95, 1517.5
20190405, 1520.05, 1523.65, 1505.0, 1506.45
20190405, 1506.45, 1513.0, 1503.0, 1508.85
20190405, 1508.85, 1512.0, 1504.1, 1511.5
20190405, 1511.0, 1521.55, 1511.0, 1520.0
20190405, 1520.4, 1520.9, 1515.6, 1517.5
20190405, 1517.7, 1518.0, 1515.0, 1515.25
20190405, 1515.25, 1516.0, 1511.2, 1513.0
20190405, 1512.95, 1513.95, 1511.5, 1513.0
20190405, 1512.75, 1514.0, 1511.5, 1510.8
20190405, 1510.8, 1513.0, 1510.5, 1512.85
20190405, 1512.9, 1513.0, 1511.1, 1512.95
20190405, 1512.95, 1516.0, 1511.25, 1514.0
20190405, 1515.5, 1515.7, 1512.9, 1513.9
20190408, 1514.0, 1514.0, 1503.15, 1511.15
20190408, 1511.15, 1511.65, 1505.1, 1505.55
20190408, 1504.65, 1506.65, 1498.0, 1499.95
20190408, 1500.0, 1500.0, 1495.85, 1495.5
20190408, 1495.45, 1496.4, 1491.0, 1493.8
20190408, 1494.0, 1494.0, 1489.05, 1490.0
20190408, 1489.95, 1494.85, 1489.8, 1491.95
20190408, 1492.0, 1493.8, 1491.0, 1492.25
20190408, 1492.2, 1492.5, 1490.45, 1491.3
20190408, 1491.3, 1492.5, 1491.2, 1491.9
20190408, 1491.95, 1494.0, 1486.0, 1491.35
20190408, 1491.35, 1498.0, 1489.2, 1496.95
20190408, 1496.95, 1499.0, 1492.15, 1492.1
20190409, 1462.55, 1470.0, 1452.25, 1467.0
20190409, 1467.0, 1474.9, 1458.35, 1463.8
20190409, 1463.8, 1463.9, 1456.3, 1456.95
20190409, 1456.4, 1457.5, 1440.0, 1444.0
20190409, 1444.0, 1447.2, 1441.25, 1446.0
20190409, 1446.25, 1448.05, 1443.0, 1445.05
20190409, 1445.0, 1451.8, 1444.05, 1447.8
20190409, 1447.65, 1448.2, 1442.0, 1443.7
20190409, 1443.5, 1445.6, 1441.05, 1444.95
20190409, 1444.95, 1449.0, 1444.5, 1448.2
20190409, 1448.1, 1451.55, 1441.6, 1446.9
20190409, 1446.6, 1447.0, 1437.2, 1445.0
20190409, 1445.0, 1450.25, 1444.5, 1449.65
20190410, 1450.0, 1451.0, 1431.1, 1437.6
20190410, 1437.6, 1438.9, 1434.0, 1434.4
20190410, 1434.3, 1438.05, 1432.3, 1431.9
20190410, 1431.9, 1435.35, 1428.0, 1426.7
20190410, 1427.05, 1428.9, 1423.0, 1428.0
20190410, 1428.0, 1431.75, 1426.7, 1427.6
20190410, 1427.6, 1428.75, 1425.0, 1427.6
20190410, 1427.7, 1428.0, 1421.5, 1421.15
20190410, 1421.2, 1423.95, 1416.2, 1420.85
20190410, 1420.9, 1421.0, 1416.95, 1419.85
20190410, 1419.85, 1419.95, 1415.25, 1415.95
20190410, 1415.95, 1419.0, 1407.5, 1408.65
20190410, 1409.05, 1410.0, 1405.35, 1409.0
20190411, 1408.0, 1427.0, 1408.0, 1427.5
20190411, 1427.5, 1431.95, 1424.1, 1427.75
20190411, 1427.45, 1431.2, 1426.0, 1426.3
20190411, 1426.35, 1426.85, 1419.1, 1421.2
20190411, 1421.0, 1422.55, 1420.5, 1422.35
20190411, 1422.3, 1424.0, 1421.0, 1422.0
20190411, 1421.95, 1422.0, 1420.2, 1421.0
20190411, 1420.65, 1422.0, 1417.1, 1421.7
20190411, 1421.7, 1422.1, 1417.1, 1419.95
20190411, 1419.95, 1424.0, 1419.5, 1421.0
20190411, 1421.0, 1423.65, 1420.0, 1421.9
20190411, 1421.9, 1427.45, 1420.65, 1423.45
20190411, 1423.05, 1424.0, 1420.35, 1422.0
20190412, 1430.05, 1441.2, 1425.8, 1437.6
20190412, 1437.75, 1440.0, 1436.7, 1437.55
20190412, 1437.55, 1440.0, 1435.6, 1438.15
20190412, 1438.05, 1439.0, 1434.55, 1437.0
20190412, 1436.95, 1437.0, 1435.0, 1436.45
20190412, 1436.4, 1439.2, 1435.0, 1437.95
20190412, 1437.95, 1439.35, 1437.05, 1438.6
20190412, 1438.55, 1439.75, 1436.5, 1439.2
20190412, 1439.15, 1439.2, 1437.1, 1438.5
20190412, 1438.5, 1444.8, 1438.0, 1444.2
20190412, 1444.15, 1444.5, 1440.0, 1440.6
20190412, 1440.55, 1440.6, 1436.45, 1437.0
20190412, 1436.95, 1440.0, 1435.85, 1436.0
20190415, 1445.05, 1451.45, 1437.1, 1443.4
20190415, 1443.2, 1446.85, 1433.1, 1434.6
20190415, 1433.9, 1441.85, 1432.6, 1439.55
20190415, 1439.6, 1442.0, 1435.0, 1442.75
20190415, 1442.7, 1444.3, 1439.35, 1440.3
20190415, 1440.3, 1441.75, 1436.55, 1438.35
20190415, 1438.3, 1438.65, 1437.25, 1437.55
20190415, 1437.35, 1438.0, 1434.05, 1436.75
20190415, 1437.2, 1438.3, 1435.0, 1438.0
20190415, 1437.9, 1439.45, 1437.45, 1438.65
20190415, 1438.15, 1438.2, 1435.05, 1436.8
20190415, 1436.75, 1437.0, 1429.0, 1432.35
20190415, 1431.25, 1432.45, 1427.0, 1429.5
20190416, 1441.45, 1456.0, 1440.25, 1450.9
20190416, 1451.0, 1454.65, 1450.9, 1455.0
20190416, 1455.0, 1460.55, 1454.6, 1459.9
20190416, 1460.0, 1464.9, 1459.05, 1463.95
20190416, 1463.95, 1464.0, 1460.05, 1461.4
20190416, 1461.4, 1461.5, 1458.25, 1459.95
20190416, 1460.0, 1462.4, 1459.25, 1459.35
20190416, 1459.35, 1460.0, 1457.5, 1459.9
20190416, 1459.7, 1460.0, 1459.0, 1459.95
20190416, 1459.95, 1460.0, 1459.05, 1460.0
20190416, 1460.0, 1460.0, 1457.9, 1459.8
20190416, 1459.85, 1460.0, 1458.1, 1459.3
20190416, 1459.85, 1460.0, 1456.5, 1460.0
20190418, 1463.05, 1479.9, 1462.0, 1473.1
20190418, 1473.0, 1473.0, 1460.3, 1463.75
20190418, 1463.75, 1469.9, 1463.1, 1469.1
20190418, 1469.55, 1470.0, 1465.15, 1468.65
20190418, 1468.95, 1468.95, 1466.35, 1466.45
20190418, 1466.45, 1467.5, 1463.1, 1466.75
20190418, 1466.75, 1469.0, 1466.0, 1466.75
20190418, 1466.7, 1467.0, 1464.6, 1465.75
20190418, 1465.75, 1465.8, 1464.0, 1464.9
20190418, 1465.0, 1466.0, 1464.8, 1466.0
20190418, 1466.0, 1471.4, 1465.95, 1471.75
20190418, 1472.0, 1473.0, 1465.15, 1470.1
20190418, 1470.2, 1471.0, 1468.8, 1469.0
20190422, 1459.5, 1459.5, 1435.0, 1442.1
20190422, 1442.45, 1446.8, 1440.1, 1442.6
20190422, 1441.8, 1446.4, 1441.1, 1445.05
20190422, 1445.0, 1453.45, 1445.0, 1450.0
20190422, 1449.95, 1450.0, 1445.5, 1445.3
20190422, 1445.2, 1450.0, 1445.2, 1448.5
20190422, 1448.5, 1449.45, 1446.15, 1448.0
20190422, 1447.55, 1449.35, 1444.0, 1444.3
20190422, 1444.95, 1445.65, 1441.1, 1444.75
20190422, 1444.9, 1447.6, 1444.0, 1444.9
20190422, 1444.95, 1445.0, 1441.0, 1444.95
20190422, 1444.95, 1445.0, 1440.6, 1444.1
20190422, 1444.1, 1445.0, 1441.7, 1444.35
20190423, 1445.05, 1454.9, 1440.4, 1446.3
20190423, 1445.15, 1445.6, 1433.65, 1440.95
20190423, 1440.25, 1440.25, 1436.0, 1437.2
20190423, 1437.2, 1438.95, 1435.0, 1440.0
20190423, 1440.0, 1443.85, 1439.5, 1440.1
20190423, 1440.3, 1441.0, 1438.35, 1439.2
20190423, 1439.25, 1439.5, 1427.0, 1428.25
20190423, 1428.0, 1433.95, 1425.9, 1430.75
20190423, 1430.75, 1432.0, 1427.0, 1429.9
20190423, 1430.0, 1433.8, 1429.1, 1431.95
20190423, 1432.0, 1435.8, 1428.8, 1430.75
20190423, 1431.0, 1434.25, 1429.25, 1430.8
20190423, 1430.8, 1432.8, 1428.5, 1429.0
20190424, 1432.95, 1447.3, 1431.0, 1446.05
20190424, 1446.15, 1450.4, 1443.45, 1456.0
20190424, 1453.0, 1459.4, 1452.0, 1454.5
20190424, 1454.35, 1454.8, 1448.0, 1449.0
20190424, 1449.0, 1450.85, 1448.2, 1448.95
20190424, 1448.9, 1449.2, 1447.25, 1448.8
20190424, 1448.85, 1452.75, 1448.5, 1450.95
20190424, 1450.95, 1452.25, 1450.6, 1451.95
20190424, 1452.0, 1452.25, 1449.5, 1452.0
20190424, 1452.0, 1455.65, 1451.1, 1452.1
20190424, 1452.1, 1452.1, 1444.0, 1449.0
20190424, 1449.0, 1451.0, 1447.7, 1453.9
20190424, 1453.7, 1454.0, 1448.15, 1449.3
20190425, 1449.75, 1449.75, 1438.1, 1444.75
20190425, 1444.65, 1448.9, 1443.15, 1448.65
20190425, 1448.8, 1454.95, 1448.7, 1456.2
20190425, 1455.9, 1460.0, 1455.0, 1457.0
20190425, 1457.0, 1458.0, 1456.0, 1456.65
20190425, 1456.9, 1457.0, 1453.15, 1457.0
20190425, 1457.0, 1457.0, 1455.0, 1456.9
20190425, 1457.0, 1457.0, 1455.0, 1456.85
20190425, 1456.85, 1457.0, 1453.1, 1454.8
20190425, 1454.65, 1456.0, 1453.95, 1455.0
20190425, 1455.0, 1455.0, 1453.2, 1454.6
20190425, 1454.65, 1455.0, 1446.35, 1446.9
20190425, 1447.0, 1448.0, 1445.45, 1449.0
20190426, 1450.0, 1459.35, 1446.0, 1453.85
20190426, 1453.85, 1455.95, 1452.0, 1454.45
20190426, 1454.45, 1455.5, 1447.35, 1447.35
20190426, 1447.35, 1447.45, 1440.1, 1442.65
20190426, 1442.9, 1443.25, 1438.1, 1438.8
20190426, 1439.05, 1440.0, 1438.7, 1439.7
20190426, 1439.9, 1440.1, 1438.05, 1439.95
20190426, 1440.0, 1440.0, 1436.0, 1440.0
20190426, 1440.0, 1440.0, 1439.1, 1440.0
20190426, 1440.0, 1441.25, 1437.0, 1439.2
20190426, 1439.6, 1445.0, 1438.5, 1446.15
20190426, 1446.2, 1452.0, 1442.0, 1448.2
20190426, 1448.6, 1450.0, 1445.7, 1448.0
20190430, 1455.3, 1477.0, 1455.3, 1467.4
20190430, 1466.6, 1471.85, 1464.1, 1468.55
20190430, 1468.55, 1469.0, 1465.1, 1467.5
20190430, 1467.3, 1468.5, 1460.05, 1465.9
20190430, 1466.65, 1469.9, 1463.2, 1465.35
20190430, 1465.4, 1466.75, 1461.25, 1463.45
20190430, 1463.45, 1467.0, 1463.4, 1464.9
20190430, 1465.0, 1466.0, 1464.0, 1464.0
20190430, 1464.75, 1465.65, 1460.1, 1463.45
20190430, 1463.75, 1464.45, 1462.15, 1463.0
20190430, 1463.0, 1465.4, 1457.0, 1462.55
20190430, 1462.5, 1463.0, 1458.25, 1461.8
20190430, 1461.8, 1469.35, 1461.35, 1464.0
20190502, 1472.0, 1472.9, 1450.55, 1458.75
20190502, 1459.6, 1461.9, 1455.45, 1460.3
20190502, 1460.0, 1467.7, 1459.85, 1466.0
20190502, 1466.75, 1469.4, 1462.0, 1467.0
20190502, 1467.65, 1467.75, 1457.0, 1459.6
20190502, 1459.95, 1465.0, 1458.7, 1459.45
20190502, 1459.5, 1461.25, 1457.5, 1458.5
20190502, 1458.55, 1459.05, 1453.95, 1454.4
20190502, 1454.45, 1454.5, 1448.05, 1449.05
20190502, 1449.45, 1450.0, 1448.1, 1450.0
20190502, 1450.0, 1450.0, 1442.5, 1442.35
20190502, 1442.35, 1442.55, 1430.1, 1437.35
20190502, 1437.0, 1443.1, 1432.85, 1441.9
20190503, 1442.95, 1456.0, 1442.95, 1449.05
20190503, 1449.05, 1451.3, 1440.0, 1442.1
20190503, 1442.2, 1449.7, 1440.1, 1446.6
20190503, 1446.6, 1449.5, 1446.5, 1447.85
20190503, 1447.85, 1447.9, 1443.45, 1446.65
20190503, 1446.95, 1446.95, 1440.7, 1441.5
20190503, 1441.5, 1442.8, 1441.0, 1442.0
20190503, 1442.0, 1442.3, 1441.85, 1441.85
20190503, 1441.8, 1442.5, 1439.0, 1442.0
20190503, 1442.0, 1442.2, 1440.5, 1441.4
20190503, 1441.4, 1442.1, 1440.7, 1441.75
20190503, 1442.0, 1442.0, 1434.6, 1437.4
20190503, 1437.95, 1438.8, 1434.8, 1436.0
20190506, 1434.8, 1448.6, 1432.0, 1446.0
20190506, 1445.9, 1446.0, 1440.0, 1441.85
20190506, 1441.85, 1442.0, 1431.3, 1430.5
20190506, 1430.0, 1430.0, 1420.1, 1427.0
20190506, 1427.0, 1427.35, 1420.8, 1421.9
20190506, 1421.85, 1421.95, 1416.15, 1415.85
20190506, 1415.85, 1422.0, 1413.0, 1414.25
20190506, 1414.4, 1418.9, 1413.8, 1414.15
20190506, 1414.4, 1414.45, 1410.1, 1411.15
20190506, 1411.5, 1414.0, 1408.55, 1414.0
20190506, 1414.0, 1416.8, 1412.25, 1414.4
20190506, 1414.9, 1417.85, 1412.05, 1416.3
20190506, 1416.15, 1416.15, 1409.95, 1418.8
20190507, 1425.25, 1425.25, 1414.25, 1420.9
20190507, 1421.45, 1423.45, 1419.9, 1422.15
20190507, 1422.8, 1422.8, 1419.65, 1421.45
20190507, 1421.85, 1423.0, 1397.1, 1390.8
20190507, 1389.15, 1389.7, 1380.8, 1384.95
20190507, 1384.55, 1389.2, 1383.5, 1388.15
20190507, 1388.15, 1389.1, 1385.0, 1385.6
20190507, 1385.8, 1386.4, 1376.35, 1384.0
20190507, 1384.0, 1387.0, 1380.35, 1385.7
20190507, 1385.75, 1397.5, 1384.85, 1393.35
20190507, 1393.55, 1398.7, 1386.2, 1390.45
20190507, 1390.75, 1392.9, 1385.05, 1388.8
20190507, 1388.75, 1392.3, 1386.8, 1391.0
20190508, 1380.3, 1384.4, 1362.6, 1377.25
20190508, 1377.25, 1382.0, 1375.75, 1378.8
20190508, 1378.8, 1381.9, 1375.0, 1374.5
20190508, 1374.55, 1378.05, 1371.0, 1375.2
20190508, 1375.2, 1375.8, 1371.5, 1374.75
20190508, 1374.9, 1383.05, 1373.6, 1379.95
20190508, 1378.55, 1380.75, 1377.5, 1380.7
20190508, 1380.8, 1380.8, 1377.0, 1378.05
20190508, 1378.05, 1378.5, 1376.95, 1377.5
20190508, 1377.25, 1380.85, 1377.25, 1378.2
20190508, 1378.0, 1381.5, 1377.55, 1380.3
20190508, 1379.7, 1389.7, 1375.8, 1386.5
20190508, 1386.7, 1394.65, 1383.55, 1395.0
20190509, 1383.5, 1393.65, 1375.1, 1379.85
20190509, 1379.9, 1383.85, 1378.65, 1380.55
20190509, 1380.5, 1389.8, 1379.55, 1385.55
20190509, 1385.6, 1387.65, 1383.8, 1385.5
20190509, 1385.5, 1385.9, 1381.4, 1381.75
20190509, 1381.9, 1382.8, 1379.0, 1379.55
20190509, 1379.6, 1381.7, 1373.55, 1380.15
20190509, 1380.65, 1380.65, 1370.6, 1371.9
20190509, 1371.95, 1376.4, 1364.0, 1366.55
20190509, 1366.45, 1369.25, 1361.5, 1367.05
20190509, 1367.45, 1374.0, 1365.0, 1372.0
20190509, 1372.0, 1373.0, 1348.5, 1350.0
20190509, 1350.0, 1353.05, 1346.55, 1350.0
20190510, 1320.4, 1340.0, 1319.85, 1334.65
20190510, 1334.8, 1344.8, 1332.5, 1340.5
20190510, 1340.0, 1344.0, 1328.25, 1332.4
20190510, 1332.65, 1335.8, 1330.25, 1334.95
20190510, 1334.95, 1340.7, 1334.45, 1335.0
20190510, 1335.0, 1338.0, 1334.55, 1336.3
20190510, 1336.15, 1336.5, 1334.6, 1335.0
20190510, 1335.05, 1339.7, 1334.2, 1336.35
20190510, 1336.25, 1336.9, 1329.85, 1335.0
20190510, 1335.0, 1338.0, 1333.0, 1335.7
20190510, 1336.25, 1342.7, 1335.05, 1340.05
20190510, 1340.35, 1350.0, 1335.1, 1339.7
20190510, 1339.7, 1346.5, 1338.15, 1344.8
20190513, 1341.05, 1345.25, 1328.6, 1332.45
20190513, 1332.45, 1334.45, 1327.0, 1333.25
20190513, 1333.25, 1333.9, 1328.0, 1327.65
20190513, 1327.7, 1329.9, 1323.65, 1325.55
20190513, 1325.15, 1332.9, 1325.0, 1330.15
20190513, 1330.05, 1332.0, 1330.0, 1330.15
20190513, 1330.15, 1331.95, 1330.0, 1330.0
20190513, 1330.0, 1331.7, 1329.7, 1330.3
20190513, 1330.25, 1331.2, 1330.0, 1330.1
20190513, 1330.05, 1336.9, 1330.0, 1334.6
20190513, 1334.6, 1337.0, 1334.3, 1336.5
20190513, 1336.25, 1336.6, 1330.0, 1330.95
20190513, 1331.0, 1336.5, 1330.95, 1336.55
20190514, 1334.05, 1334.75, 1317.0, 1318.0
20190514, 1318.15, 1319.0, 1305.25, 1305.25
20190514, 1305.2, 1311.15, 1302.1, 1310.9
20190514, 1310.25, 1318.95, 1308.0, 1316.3
20190514, 1315.7, 1319.3, 1311.75, 1312.25
20190514, 1312.1, 1315.9, 1310.05, 1314.75
20190514, 1314.75, 1317.0, 1314.3, 1315.3
20190514, 1315.25, 1318.2, 1314.9, 1318.4
20190514, 1318.35, 1322.0, 1315.0, 1316.0
20190514, 1316.0, 1326.15, 1315.5, 1323.65
20190514, 1323.55, 1330.55, 1322.15, 1328.2
20190514, 1328.1, 1328.9, 1316.55, 1316.95
20190514, 1316.85, 1325.9, 1315.5, 1325.0
20190515, 1327.75, 1329.0, 1309.75, 1314.2
20190515, 1314.2, 1315.85, 1309.05, 1312.2
20190515, 1312.3, 1316.8, 1311.0, 1316.35
20190515, 1317.05, 1320.0, 1315.8, 1317.0
20190515, 1317.0, 1317.95, 1313.5, 1313.8
20190515, 1313.8, 1314.35, 1312.0, 1313.0
20190515, 1313.0, 1314.95, 1312.4, 1313.0
20190515, 1313.05, 1313.9, 1305.05, 1305.95
20190515, 1306.15, 1308.65, 1303.2, 1306.8
20190515, 1306.8, 1310.0, 1304.05, 1305.05
20190515, 1305.1, 1310.8, 1303.9, 1308.75
20190515, 1308.75, 1310.0, 1301.7, 1306.55
20190515, 1306.65, 1307.7, 1302.9, 1308.0
20190516, 1312.0, 1314.0, 1306.0, 1308.9
20190516, 1309.0, 1310.25, 1297.65, 1301.0
20190516, 1301.0, 1301.0, 1295.85, 1296.05
20190516, 1296.4, 1300.4, 1295.85, 1295.9
20190516, 1296.15, 1298.6, 1295.85, 1296.35
20190516, 1296.15, 1306.0, 1296.1, 1302.95
20190516, 1303.0, 1309.0, 1302.8, 1306.2
20190516, 1306.05, 1306.7, 1297.0, 1297.1
20190516, 1297.55, 1303.45, 1296.85, 1301.45
20190516, 1301.45, 1305.5, 1300.0, 1303.9
20190516, 1304.0, 1307.4, 1301.2, 1304.15
20190516, 1304.25, 1305.05, 1299.7, 1303.6
20190516, 1303.15, 1311.0, 1303.15, 1311.95
20190517, 1304.65, 1319.8, 1301.0, 1315.95
20190517, 1315.95, 1317.95, 1312.0, 1317.2
20190517, 1317.5, 1318.7, 1312.05, 1313.55
20190517, 1313.55, 1316.25, 1312.5, 1313.0
20190517, 1313.8, 1320.0, 1313.0, 1313.7
20190517, 1313.8, 1320.0, 1312.8, 1318.75
20190517, 1318.85, 1323.7, 1317.05, 1321.5
20190517, 1321.4, 1326.35, 1317.15, 1319.05
20190517, 1319.55, 1324.75, 1319.55, 1323.25
20190517, 1322.95, 1330.75, 1321.0, 1322.45
20190517, 1322.3, 1322.85, 1315.1, 1316.3
20190517, 1316.0, 1323.85, 1310.95, 1319.5
20190517, 1319.0, 1322.95, 1318.0, 1320.0
20190520, 1339.8, 1355.2, 1335.0, 1351.0
20190520, 1351.05, 1351.55, 1340.7, 1346.15
20190520, 1346.15, 1348.0, 1342.55, 1343.8
20190520, 1343.65, 1349.25, 1343.5, 1347.4
20190520, 1347.4, 1353.0, 1345.5, 1348.4
20190520, 1348.4, 1352.95, 1348.0, 1350.65
20190520, 1350.8, 1362.15, 1350.5, 1359.35
20190520, 1359.35, 1362.8, 1357.9, 1360.65
20190520, 1360.65, 1367.15, 1360.65, 1364.95
20190520, 1364.95, 1374.0, 1360.0, 1367.3
20190520, 1367.1, 1373.25, 1366.25, 1369.35
20190520, 1368.95, 1374.65, 1367.2, 1374.75
20190520, 1374.8, 1378.4, 1371.65, 1372.6
20190521, 1381.5, 1383.9, 1371.35, 1375.5
20190521, 1376.0, 1379.5, 1371.85, 1378.7
20190521, 1379.0, 1379.85, 1370.0, 1369.0
20190521, 1368.6, 1374.5, 1366.4, 1374.0
20190521, 1373.95, 1374.7, 1368.15, 1368.9
20190521, 1368.95, 1376.7, 1367.5, 1376.75
20190521, 1376.7, 1377.75, 1368.55, 1370.0
20190521, 1369.25, 1372.05, 1367.0, 1368.65
20190521, 1367.65, 1368.3, 1352.7, 1356.6
20190521, 1356.7, 1365.0, 1356.7, 1360.9
20190521, 1360.9, 1367.3, 1358.4, 1361.95
20190521, 1361.75, 1362.0, 1354.5, 1359.05
20190521, 1359.05, 1362.4, 1355.1, 1353.95
20190522, 1361.0, 1363.0, 1348.05, 1351.9
20190522, 1352.05, 1361.15, 1348.1, 1363.0
20190522, 1363.1, 1366.7, 1360.55, 1366.3
20190522, 1366.05, 1367.35, 1361.75, 1365.7
20190522, 1365.0, 1365.7, 1362.2, 1363.1
20190522, 1363.5, 1365.5, 1362.3, 1364.3
20190522, 1364.3, 1373.55, 1363.8, 1371.35
20190522, 1371.35, 1371.4, 1368.2, 1369.0
20190522, 1368.6, 1369.45, 1368.0, 1369.0
20190522, 1368.85, 1369.5, 1365.15, 1365.25
20190522, 1365.35, 1373.75, 1360.05, 1369.6
20190522, 1369.5, 1372.8, 1367.6, 1369.35
20190522, 1369.35, 1369.5, 1363.15, 1363.1
20190523, 1388.95, 1388.95, 1365.5, 1382.0
20190523, 1381.4, 1383.8, 1377.0, 1378.7
20190523, 1378.7, 1380.2, 1375.25, 1378.5
20190523, 1378.25, 1379.0, 1375.0, 1377.0
20190523, 1377.0, 1379.5, 1372.1, 1374.0
20190523, 1374.0, 1374.95, 1364.0, 1367.5
20190523, 1367.85, 1371.75, 1357.7, 1360.55
20190523, 1360.25, 1369.1, 1360.05, 1365.1
20190523, 1365.65, 1374.2, 1365.1, 1373.55
20190523, 1374.0, 1376.2, 1373.05, 1376.15
20190523, 1376.4, 1377.95, 1374.5, 1377.0
20190523, 1377.4, 1377.95, 1363.05, 1361.05
20190523, 1361.0, 1366.75, 1360.0, 1364.0
20190524, 1390.0, 1390.0, 1376.15, 1384.5
20190524, 1385.7, 1389.0, 1380.5, 1382.0
20190524, 1381.8, 1386.65, 1378.7, 1386.6
20190524, 1386.4, 1400.45, 1385.0, 1395.9
20190524, 1395.9, 1397.0, 1391.55, 1395.4
20190524, 1395.0, 1396.0, 1392.45, 1393.05
20190524, 1393.4, 1396.1, 1391.5, 1391.7
20190524, 1392.2, 1394.45, 1387.5, 1389.2
20190524, 1390.0, 1391.0, 1387.5, 1390.0
20190524, 1390.0, 1390.0, 1388.0, 1389.8
20190524, 1389.95, 1390.0, 1388.2, 1390.0
20190524, 1390.0, 1390.0, 1383.4, 1385.0
20190524, 1385.0, 1386.75, 1381.9, 1384.0
20190527, 1387.0, 1390.7, 1368.5, 1369.65
20190527, 1370.0, 1379.15, 1369.65, 1373.0
20190527, 1373.0, 1377.15, 1372.8, 1374.25
20190527, 1375.0, 1375.0, 1371.0, 1369.65
20190527, 1369.6, 1370.0, 1367.0, 1369.3
20190527, 1369.5, 1370.0, 1368.0, 1369.85
20190527, 1369.5, 1370.0, 1369.0, 1369.7
20190527, 1369.9, 1370.0, 1368.0, 1369.45
20190527, 1369.45, 1370.0, 1368.55, 1368.35
20190527, 1368.05, 1369.2, 1363.3, 1363.75
20190527, 1364.0, 1367.0, 1362.7, 1364.8
20190527, 1364.85, 1369.9, 1364.0, 1365.7
20190527, 1366.0, 1370.0, 1365.05, 1369.9
20190528, 1370.0, 1381.75, 1367.0, 1381.15
20190528, 1381.1, 1385.3, 1380.0, 1388.3
20190528, 1388.8, 1388.85, 1384.0, 1386.45
20190528, 1386.5, 1387.0, 1375.65, 1376.1
20190528, 1376.6, 1379.8, 1374.0, 1376.3
20190528, 1376.3, 1378.8, 1372.9, 1374.25
20190528, 1374.25, 1375.0, 1370.2, 1372.2
20190528, 1372.2, 1372.45, 1366.25, 1367.2
20190528, 1367.0, 1370.0, 1365.0, 1366.0
20190528, 1366.0, 1366.9, 1361.75, 1366.25
20190528, 1366.3, 1369.0, 1363.7, 1368.3
20190528, 1367.6, 1370.4, 1363.6, 1364.35
20190528, 1364.25, 1364.35, 1360.0, 1360.8
20190529, 1363.0, 1366.95, 1350.1, 1357.35
20190529, 1357.9, 1361.95, 1355.15, 1356.7
20190529, 1356.65, 1364.65, 1355.0, 1361.3
20190529, 1361.3, 1364.2, 1359.3, 1361.3
20190529, 1361.3, 1361.6, 1358.0, 1358.95
20190529, 1359.7, 1360.0, 1354.5, 1356.7
20190529, 1357.35, 1358.95, 1355.25, 1355.25
20190529, 1355.25, 1355.25, 1350.0, 1352.8
20190529, 1352.8, 1353.35, 1350.95, 1352.7
20190529, 1352.7, 1353.0, 1350.5, 1351.7
20190529, 1351.7, 1352.0, 1347.1, 1348.4
20190529, 1348.85, 1362.15, 1348.3, 1361.35
20190529, 1361.3, 1362.8, 1354.6, 1353.5
20190530, 1364.65, 1376.8, 1353.9, 1373.4
20190530, 1373.4, 1376.1, 1372.4, 1375.8
20190530, 1375.5, 1380.0, 1375.15, 1376.4
20190530, 1376.15, 1377.7, 1372.5, 1375.25
20190530, 1375.25, 1375.25, 1374.0, 1375.0
20190530, 1374.95, 1374.95, 1373.1, 1374.0
20190530, 1374.0, 1374.0, 1372.45, 1373.5
20190530, 1373.5, 1374.0, 1371.5, 1373.0
20190530, 1373.0, 1373.5, 1370.55, 1372.9
20190530, 1372.9, 1373.05, 1372.0, 1372.4
20190530, 1372.45, 1372.5, 1370.65, 1371.65
20190530, 1371.65, 1392.0, 1366.0, 1367.05
20190530, 1367.05, 1370.8, 1365.05, 1370.7
20190531, 1382.0, 1423.45, 1382.0, 1415.6
20190531, 1416.0, 1421.9, 1415.4, 1417.85
20190531, 1418.0, 1424.0, 1415.0, 1421.65
20190531, 1421.5, 1426.6, 1418.2, 1425.1
20190531, 1425.15, 1428.0, 1422.3, 1421.95
20190531, 1421.95, 1422.0, 1410.35, 1411.75
20190531, 1411.0, 1414.95, 1406.25, 1410.05
20190531, 1410.05, 1410.2, 1405.5, 1407.95
20190531, 1407.65, 1408.35, 1401.0, 1403.95
20190531, 1403.8, 1407.0, 1403.0, 1405.2
20190531, 1405.95, 1406.25, 1400.15, 1405.5
20190531, 1405.15, 1410.0, 1401.0, 1405.75
20190531, 1405.15, 1414.0, 1404.65, 1408.3
20190603, 1440.0, 1447.0, 1430.0, 1444.35
20190603, 1444.5, 1450.0, 1444.5, 1446.8
20190603, 1447.0, 1449.0, 1444.35, 1449.95
20190603, 1449.9, 1454.8, 1447.95, 1454.3
20190603, 1454.3, 1458.85, 1450.55, 1455.95
20190603, 1455.9, 1456.9, 1454.05, 1457.0
20190603, 1457.0, 1457.0, 1452.0, 1452.25
20190603, 1452.4, 1455.95, 1450.0, 1454.85
20190603, 1454.95, 1455.0, 1452.0, 1453.75
20190603, 1453.75, 1457.85, 1453.05, 1455.3
20190603, 1455.5, 1456.7, 1450.0, 1453.25
20190603, 1453.2, 1461.45, 1452.0, 1459.95
20190603, 1459.9, 1464.95, 1459.0, 1460.0
20190604, 1452.1, 1453.7, 1435.0, 1436.3
20190604, 1436.25, 1442.4, 1433.75, 1437.2
20190604, 1437.05, 1438.5, 1431.25, 1431.75
20190604, 1431.65, 1433.5, 1426.0, 1430.5
20190604, 1430.5, 1430.5, 1425.05, 1426.45
20190604, 1426.45, 1427.0, 1421.0, 1420.65
20190604, 1420.65, 1422.0, 1417.05, 1421.9
20190604, 1421.9, 1422.0, 1420.05, 1421.85
20190604, 1421.9, 1422.0, 1418.0, 1420.2
20190604, 1420.5, 1421.85, 1420.0, 1420.7
20190604, 1420.7, 1421.5, 1419.0, 1419.1
20190604, 1419.25, 1424.85, 1417.05, 1422.9
20190604, 1422.95, 1424.0, 1420.0, 1423.0
20190606, 1432.5, 1443.7, 1424.9, 1432.3
20190606, 1433.0, 1442.55, 1432.2, 1442.35
20190606, 1442.55, 1461.85, 1441.15, 1455.85
20190606, 1455.85, 1456.0, 1446.65, 1451.5
20190606, 1451.4, 1452.5, 1447.6, 1447.9
20190606, 1447.9, 1452.0, 1447.5, 1449.45
20190606, 1449.5, 1450.45, 1442.3, 1444.8
20190606, 1444.8, 1447.75, 1443.95, 1444.0
20190606, 1443.85, 1446.9, 1443.0, 1444.35
20190606, 1444.45, 1446.25, 1438.0, 1442.25
20190606, 1442.25, 1443.2, 1438.0, 1441.0
20190606, 1441.0, 1441.6, 1425.0, 1430.75
20190606, 1430.45, 1430.75, 1425.75, 1429.0
20190607, 1429.0, 1430.0, 1415.4, 1423.55
20190607, 1424.0, 1439.85, 1421.4, 1432.8
20190607, 1432.75, 1436.15, 1423.4, 1424.3
20190607, 1423.85, 1425.0, 1420.05, 1422.0
20190607, 1421.75, 1422.45, 1420.1, 1422.0
20190607, 1422.0, 1422.45, 1418.2, 1421.95
20190607, 1421.95, 1422.0, 1420.0, 1422.0
20190607, 1422.0, 1422.0, 1420.0, 1420.8
20190607, 1420.8, 1421.95, 1418.0, 1420.8
20190607, 1420.95, 1421.5, 1418.55, 1421.1
20190607, 1421.25, 1422.0, 1420.7, 1421.6
20190607, 1421.95, 1426.65, 1413.05, 1419.0
20190607, 1419.0, 1419.65, 1415.0, 1416.05
20190610, 1427.9, 1438.4, 1422.55, 1431.9
20190610, 1431.95, 1442.0, 1431.25, 1438.05
20190610, 1438.25, 1442.0, 1435.5, 1440.15
20190610, 1440.1, 1441.0, 1435.5, 1437.85
20190610, 1437.85, 1438.05, 1435.15, 1435.65
20190610, 1435.7, 1437.8, 1427.7, 1428.7
20190610, 1428.7, 1431.9, 1424.1, 1428.4
20190610, 1428.4, 1429.2, 1420.0, 1421.15
20190610, 1421.35, 1425.0, 1420.55, 1422.3
20190610, 1422.3, 1424.65, 1420.65, 1423.4
20190610, 1423.2, 1424.6, 1422.1, 1420.4
20190610, 1420.05, 1423.0, 1418.5, 1422.9
20190610, 1422.9, 1423.0, 1421.05, 1422.6
20190611, 1428.0, 1433.35, 1409.5, 1412.05
20190611, 1411.3, 1425.05, 1411.0, 1426.35
20190611, 1426.5, 1427.95, 1421.85, 1423.05
20190611, 1423.3, 1429.95, 1421.25, 1427.1
20190611, 1427.1, 1432.6, 1425.0, 1427.0
20190611, 1427.0, 1429.0, 1425.7, 1427.55
20190611, 1427.55, 1427.6, 1424.1, 1426.75
20190611, 1426.65, 1427.15, 1416.9, 1417.8
20190611, 1417.9, 1424.8, 1417.5, 1424.45
20190611, 1424.45, 1424.5, 1421.85, 1423.1
20190611, 1423.1, 1429.0, 1422.15, 1428.0
20190611, 1428.0, 1428.0, 1423.6, 1425.0
20190611, 1425.0, 1427.85, 1423.0, 1424.4
20190612, 1430.05, 1439.9, 1428.6, 1433.4
20190612, 1433.4, 1436.5, 1429.1, 1431.9
20190612, 1432.25, 1436.0, 1430.0, 1434.45
20190612, 1434.5, 1435.5, 1425.65, 1425.85
20190612, 1426.0, 1429.0, 1424.0, 1427.95
20190612, 1427.95, 1428.0, 1426.0, 1428.0
20190612, 1428.0, 1428.0, 1425.2, 1426.7
20190612, 1426.7, 1427.5, 1425.4, 1425.2
20190612, 1425.15, 1426.0, 1421.0, 1424.8
20190612, 1424.8, 1428.5, 1424.0, 1426.0
20190612, 1426.0, 1426.4, 1421.25, 1423.45
20190612, 1423.4, 1426.95, 1421.85, 1426.0
20190612, 1426.0, 1426.0, 1424.3, 1424.05
20190613, 1429.0, 1435.45, 1424.4, 1429.3
20190613, 1430.5, 1430.95, 1422.2, 1426.05
20190613, 1426.05, 1438.9, 1425.2, 1436.0
20190613, 1435.6, 1436.7, 1433.0, 1434.0
20190613, 1433.9, 1434.5, 1429.5, 1431.3
20190613, 1431.3, 1432.4, 1427.15, 1428.95
20190613, 1428.95, 1430.0, 1424.15, 1429.8
20190613, 1429.6, 1432.75, 1428.3, 1430.55
20190613, 1431.0, 1431.0, 1426.0, 1426.95
20190613, 1426.95, 1430.3, 1426.05, 1428.95
20190613, 1429.0, 1431.9, 1426.0, 1429.6
20190613, 1429.6, 1432.0, 1425.25, 1430.05
20190613, 1430.05, 1432.0, 1426.7, 1425.8
20190614, 1430.1, 1431.75, 1419.55, 1421.1
20190614, 1421.1, 1431.4, 1418.2, 1430.6
20190614, 1430.2, 1430.2, 1424.0, 1426.65
20190614, 1426.65, 1426.65, 1422.0, 1423.95
20190614, 1423.95, 1424.0, 1421.0, 1422.95
20190614, 1422.95, 1423.0, 1418.4, 1417.1
20190614, 1417.15, 1419.0, 1417.0, 1418.8
20190614, 1418.8, 1419.0, 1415.3, 1416.9
20190614, 1416.9, 1418.4, 1415.5, 1415.85
20190614, 1415.85, 1415.85, 1413.0, 1415.0
20190614, 1415.6, 1415.65, 1414.05, 1415.0
20190614, 1414.75, 1415.0, 1411.6, 1411.0
20190614, 1411.05, 1414.65, 1411.0, 1411.0
20190617, 1417.9, 1425.0, 1410.1, 1411.35
20190617, 1411.5, 1414.45, 1405.6, 1408.5
20190617, 1408.45, 1415.25, 1408.0, 1414.0
20190617, 1414.25, 1417.95, 1411.55, 1415.4
20190617, 1415.0, 1417.2, 1412.5, 1413.85
20190617, 1413.85, 1414.0, 1406.8, 1408.95
20190617, 1409.4, 1412.05, 1408.55, 1409.3
20190617, 1409.35, 1410.0, 1407.6, 1407.9
20190617, 1408.1, 1408.2, 1400.05, 1401.6
20190617, 1401.7, 1405.0, 1401.05, 1404.85
20190617, 1404.95, 1410.1, 1403.35, 1408.7
20190617, 1408.55, 1412.0, 1401.65, 1401.8
20190617, 1401.8, 1403.0, 1398.9, 1399.0
20190618, 1405.25, 1410.4, 1380.0, 1379.75
20190618, 1378.5, 1387.0, 1378.2, 1382.05
20190618, 1382.1, 1383.0, 1376.05, 1382.15
20190618, 1382.15, 1386.5, 1382.0, 1384.0
20190618, 1384.0, 1385.4, 1381.8, 1383.4
20190618, 1383.3, 1386.45, 1382.0, 1383.7
20190618, 1383.7, 1384.25, 1382.0, 1383.15
20190618, 1383.15, 1385.0, 1382.75, 1384.75
20190618, 1384.75, 1386.1, 1384.55, 1385.2
20190618, 1385.15, 1386.0, 1384.9, 1387.2
20190618, 1387.2, 1388.6, 1385.6, 1386.05
20190618, 1386.05, 1386.75, 1376.05, 1378.25
20190618, 1378.3, 1383.85, 1378.2, 1380.1
20190619, 1383.0, 1394.0, 1382.0, 1389.85
20190619, 1389.0, 1392.0, 1386.0, 1391.3
20190619, 1391.4, 1396.4, 1389.9, 1393.85
20190619, 1394.4, 1394.4, 1390.05, 1390.05
20190619, 1390.0, 1390.95, 1384.0, 1385.4
20190619, 1385.3, 1386.0, 1380.05, 1378.75
20190619, 1378.6, 1381.8, 1372.85, 1380.35
20190619, 1380.35, 1384.25, 1376.05, 1376.85
20190619, 1377.0, 1380.0, 1372.0, 1380.0
20190619, 1379.95, 1381.45, 1373.0, 1375.3
20190619, 1374.95, 1380.0, 1374.15, 1375.45
20190619, 1375.1, 1382.05, 1374.6, 1383.25
20190619, 1382.85, 1383.4, 1380.0, 1381.5
20190620, 1365.3, 1373.8, 1360.7, 1372.95
20190620, 1371.75, 1378.0, 1368.85, 1377.6
20190620, 1378.0, 1389.55, 1376.05, 1388.6
20190620, 1388.65, 1402.6, 1388.0, 1401.75
20190620, 1402.1, 1404.9, 1394.0, 1397.5
20190620, 1397.85, 1399.05, 1395.5, 1397.2
20190620, 1397.2, 1399.4, 1393.0, 1394.3
20190620, 1394.25, 1394.65, 1387.0, 1387.2
20190620, 1387.05, 1390.0, 1385.05, 1389.0
20190620, 1389.0, 1389.0, 1387.1, 1388.95
20190620, 1388.95, 1389.0, 1387.0, 1388.35
20190620, 1388.35, 1395.4, 1388.0, 1393.0
20190620, 1392.85, 1395.25, 1388.0, 1391.3
20190621, 1380.0, 1389.0, 1372.0, 1383.0
20190621, 1383.0, 1393.95, 1380.9, 1386.55
20190621, 1386.6, 1391.5, 1385.0, 1391.65
20190621, 1391.6, 1394.4, 1388.0, 1393.8
20190621, 1393.7, 1393.7, 1388.1, 1389.5
20190621, 1389.0, 1394.65, 1387.0, 1387.4
20190621, 1387.45, 1388.3, 1381.4, 1382.4
20190621, 1382.1, 1384.5, 1381.3, 1381.7
20190621, 1381.5, 1382.5, 1379.55, 1382.15
20190621, 1382.65, 1383.0, 1376.45, 1378.5
20190621, 1378.05, 1382.35, 1378.0, 1380.55
20190621, 1380.95, 1384.45, 1378.0, 1384.55
20190621, 1384.5, 1387.9, 1382.0, 1386.75
20190624, 1385.2, 1398.0, 1384.05, 1388.5
20190624, 1389.15, 1389.25, 1380.15, 1381.8
20190624, 1381.05, 1382.05, 1374.3, 1375.25
20190624, 1375.6, 1378.0, 1372.2, 1374.9
20190624, 1374.9, 1380.05, 1373.5, 1375.35
20190624, 1375.35, 1375.9, 1372.5, 1374.15
20190624, 1374.15, 1375.15, 1372.75, 1373.85
20190624, 1373.85, 1374.0, 1372.45, 1372.5
20190624, 1372.75, 1373.85, 1368.25, 1371.05
20190624, 1371.05, 1374.0, 1368.5, 1369.25
20190624, 1370.25, 1374.75, 1368.65, 1375.0
20190624, 1374.9, 1378.9, 1373.3, 1376.1
20190624, 1376.1, 1378.9, 1374.0, 1374.5
20190625, 1372.0, 1372.45, 1361.0, 1365.45
20190625, 1365.45, 1369.0, 1364.2, 1367.0
20190625, 1366.55, 1367.5, 1363.1, 1365.9
20190625, 1365.9, 1367.9, 1364.95, 1365.75
20190625, 1365.95, 1366.35, 1364.7, 1366.0
20190625, 1366.0, 1367.9, 1361.5, 1367.25
20190625, 1367.6, 1367.8, 1363.6, 1365.9
20190625, 1366.0, 1366.0, 1362.0, 1364.0
20190625, 1364.0, 1366.75, 1363.2, 1364.6
20190625, 1364.6, 1365.7, 1363.15, 1363.7
20190625, 1363.7, 1365.0, 1362.7, 1364.9
20190625, 1364.9, 1366.9, 1362.6, 1361.85
20190625, 1361.85, 1364.0, 1360.35, 1362.0
20190626, 1361.0, 1369.55, 1352.0, 1363.75
20190626, 1363.1, 1366.65, 1362.0, 1363.7
20190626, 1363.8, 1367.4, 1363.1, 1366.35
20190626, 1367.0, 1368.8, 1364.1, 1365.9
20190626, 1365.85, 1366.95, 1362.6, 1364.05
20190626, 1364.1, 1364.5, 1363.0, 1364.0
20190626, 1364.0, 1365.0, 1362.6, 1363.95
20190626, 1363.95, 1364.25, 1362.3, 1364.0
20190626, 1364.0, 1364.0, 1360.6, 1362.35
20190626, 1362.35, 1363.0, 1358.6, 1362.7
20190626, 1362.5, 1363.65, 1361.4, 1362.0
20190626, 1361.9, 1362.1, 1357.05, 1362.5
20190626, 1362.5, 1362.75, 1359.3, 1360.0
20190627, 1363.0, 1369.0, 1362.7, 1365.3
20190627, 1365.3, 1366.0, 1362.5, 1367.5
20190627, 1367.5, 1368.5, 1365.0, 1367.3
20190627, 1367.95, 1367.95, 1365.1, 1367.35
20190627, 1367.35, 1367.35, 1363.1, 1365.5
20190627, 1365.5, 1366.0, 1363.75, 1365.65
20190627, 1365.0, 1368.0, 1363.55, 1365.95
20190627, 1365.0, 1369.65, 1364.95, 1367.9
20190627, 1367.9, 1369.35, 1366.15, 1367.85
20190627, 1367.85, 1367.95, 1365.35, 1366.65
20190627, 1366.8, 1367.95, 1365.0, 1366.45
20190627, 1366.3, 1366.75, 1358.4, 1360.0
20190627, 1360.0, 1364.1, 1358.15, 1363.0
20190628, 1365.0, 1371.9, 1362.9, 1364.55
20190628, 1364.5, 1366.55, 1361.35, 1366.4
20190628, 1366.4, 1366.9, 1362.9, 1364.85
20190628, 1364.75, 1365.0, 1362.5, 1362.55
20190628, 1362.55, 1362.55, 1353.0, 1355.6
20190628, 1355.6, 1356.2, 1352.5, 1354.3
20190628, 1354.2, 1355.0, 1351.25, 1351.55
20190628, 1352.6, 1353.1, 1350.1, 1352.8
20190628, 1352.8, 1353.15, 1350.5, 1353.15
20190628, 1353.15, 1353.2, 1350.2, 1352.55
20190628, 1352.55, 1357.35, 1352.15, 1357.15
20190628, 1357.25, 1358.75, 1352.95, 1359.85
20190628, 1359.95, 1362.5, 1357.1, 1359.0
20190701, 1369.0, 1369.1, 1361.6, 1364.0
20190701, 1363.9, 1366.0, 1359.6, 1364.3
20190701, 1364.2, 1366.0, 1361.2, 1364.6
20190701, 1365.25, 1374.5, 1363.85, 1367.0
20190701, 1366.95, 1367.45, 1363.1, 1363.2
20190701, 1363.8, 1366.0, 1363.1, 1365.35
20190701, 1365.35, 1366.0, 1365.3, 1365.4
20190701, 1365.4, 1366.0, 1364.45, 1364.95
20190701, 1365.6, 1365.9, 1361.5, 1362.0
20190701, 1362.0, 1364.0, 1360.25, 1361.9
20190701, 1361.65, 1361.95, 1356.25, 1356.15
20190701, 1356.0, 1357.5, 1352.3, 1353.95
20190701, 1353.7, 1355.0, 1351.05, 1351.4
20190702, 1358.6, 1360.0, 1352.1, 1355.0
20190702, 1355.0, 1356.6, 1350.0, 1350.95
20190702, 1351.25, 1351.45, 1345.1, 1347.5
20190702, 1347.4, 1347.4, 1341.2, 1345.85
20190702, 1345.85, 1350.0, 1342.85, 1345.85
20190702, 1345.8, 1348.5, 1342.75, 1344.05
20190702, 1344.05, 1345.0, 1342.8, 1343.2
20190702, 1343.15, 1348.0, 1343.15, 1345.3
20190702, 1345.3, 1348.95, 1344.5, 1348.15
20190702, 1348.2, 1349.75, 1345.25, 1346.0
20190702, 1345.8, 1348.15, 1345.05, 1347.3
20190702, 1347.3, 1348.0, 1345.65, 1346.95
20190702, 1347.0, 1348.0, 1341.75, 1342.45
20190703, 1351.85, 1363.0, 1351.1, 1363.65
20190703, 1363.9, 1366.55, 1360.0, 1363.05
20190703, 1363.25, 1366.5, 1363.05, 1366.0
20190703, 1365.95, 1371.0, 1363.2, 1367.15
20190703, 1367.15, 1367.45, 1361.1, 1362.95
20190703, 1362.95, 1364.0, 1358.4, 1361.5
20190703, 1361.5, 1362.0, 1357.3, 1356.9
20190703, 1356.9, 1358.0, 1352.15, 1357.05
20190703, 1357.05, 1357.45, 1351.25, 1352.7
20190703, 1352.5, 1355.0, 1352.15, 1353.95
20190703, 1353.95, 1355.0, 1351.35, 1351.8
20190703, 1351.95, 1354.8, 1350.0, 1352.1
20190703, 1352.25, 1355.5, 1349.5, 1354.0
20190704, 1357.0, 1360.9, 1351.15, 1361.1
20190704, 1361.1, 1365.7, 1360.0, 1363.1
20190704, 1363.1, 1366.35, 1362.75, 1363.25
20190704, 1363.25, 1364.5, 1361.5, 1362.05
20190704, 1362.1, 1362.2, 1357.4, 1358.45
20190704, 1358.45, 1361.45, 1358.0, 1359.5
20190704, 1359.6, 1360.0, 1357.4, 1359.9
20190704, 1359.9, 1361.45, 1358.65, 1361.0
20190704, 1361.0, 1361.0, 1359.7, 1360.0
20190704, 1360.0, 1361.0, 1359.35, 1360.2
20190704, 1360.35, 1362.95, 1360.15, 1362.9
20190704, 1362.9, 1363.4, 1357.6, 1359.75
20190704, 1359.75, 1360.0, 1358.3, 1360.0
20190705, 1363.0, 1370.0, 1360.1, 1367.9
20190705, 1367.9, 1369.5, 1364.0, 1367.9
20190705, 1367.95, 1371.5, 1367.75, 1368.75
20190705, 1368.5, 1371.05, 1365.8, 1371.3
20190705, 1371.3, 1373.45, 1366.1, 1366.9
20190705, 1366.9, 1368.2, 1361.35, 1367.35
20190705, 1367.6, 1371.5, 1366.4, 1367.05
20190705, 1367.65, 1369.55, 1362.05, 1362.05
20190705, 1362.65, 1364.2, 1353.3, 1358.95
20190705, 1359.0, 1363.0, 1357.45, 1360.0
20190705, 1360.0, 1366.0, 1359.45, 1364.55
20190705, 1365.0, 1365.75, 1351.45, 1360.5
20190705, 1361.45, 1361.45, 1354.2, 1357.5
20190708, 1357.5, 1358.4, 1340.9, 1344.0
20190708, 1343.75, 1346.8, 1337.5, 1340.2
20190708, 1340.3, 1344.2, 1338.65, 1344.0
20190708, 1344.0, 1348.55, 1344.0, 1345.45
20190708, 1345.45, 1350.55, 1342.6, 1345.4
20190708, 1345.4, 1349.45, 1344.7, 1346.5
20190708, 1346.5, 1350.0, 1346.0, 1346.15
20190708, 1346.05, 1347.4, 1338.0, 1338.3
20190708, 1338.75, 1340.7, 1334.55, 1336.0
20190708, 1335.95, 1338.0, 1332.7, 1334.45
20190708, 1334.45, 1338.8, 1333.0, 1336.8
20190708, 1337.15, 1343.75, 1335.0, 1339.15
20190708, 1339.15, 1342.65, 1338.3, 1341.0
20190709, 1344.9, 1344.9, 1300.05, 1312.05
20190709, 1313.15, 1313.3, 1302.8, 1302.25
20190709, 1302.1, 1305.0, 1291.25, 1294.2
20190709, 1295.0, 1300.8, 1292.35, 1299.95
20190709, 1299.75, 1302.0, 1298.1, 1300.0
20190709, 1299.95, 1310.55, 1299.0, 1302.15
20190709, 1302.15, 1306.0, 1301.0, 1301.35
20190709, 1301.3, 1306.3, 1301.0, 1306.2
20190709, 1306.0, 1313.5, 1304.2, 1313.5
20190709, 1314.0, 1318.8, 1309.5, 1316.65
20190709, 1315.5, 1320.4, 1315.5, 1319.95
20190709, 1319.95, 1324.2, 1319.65, 1321.9
20190709, 1321.8, 1322.7, 1317.15, 1321.05
20190710, 1317.6, 1333.35, 1315.2, 1331.55
20190710, 1330.8, 1340.35, 1329.05, 1332.15
20190710, 1333.5, 1338.0, 1324.0, 1325.8
20190710, 1325.6, 1333.0, 1325.6, 1331.75
20190710, 1331.75, 1333.1, 1329.0, 1330.55
20190710, 1331.15, 1331.2, 1317.2, 1319.25
20190710, 1320.3, 1322.0, 1318.35, 1318.8
20190710, 1318.8, 1320.7, 1317.0, 1314.4
20190710, 1313.85, 1318.75, 1312.05, 1319.05
20190710, 1318.25, 1320.65, 1314.6, 1318.15
20190710, 1318.15, 1322.4, 1316.0, 1317.5
20190710, 1317.9, 1326.1, 1317.5, 1324.75
20190710, 1324.75, 1325.45, 1319.85, 1322.0
20190711, 1316.0, 1323.5, 1311.05, 1320.95
20190711, 1321.6, 1325.5, 1316.45, 1320.7
20190711, 1320.8, 1331.7, 1320.7, 1331.0
20190711, 1331.1, 1332.1, 1326.85, 1328.15
20190711, 1328.4, 1332.65, 1325.0, 1329.65
20190711, 1329.95, 1337.0, 1329.55, 1335.8
20190711, 1336.25, 1336.4, 1332.55, 1333.15
20190711, 1333.4, 1334.7, 1330.25, 1332.95
20190711, 1332.5, 1334.55, 1329.0, 1333.4
20190711, 1333.4, 1334.8, 1329.6, 1330.4
20190711, 1330.9, 1332.3, 1327.2, 1328.65
20190711, 1329.3, 1334.6, 1327.85, 1333.8
20190711, 1333.6, 1333.95, 1331.0, 1332.5
20190712, 1332.55, 1335.7, 1325.45, 1334.75
20190712, 1334.85, 1335.0, 1329.15, 1333.3
20190712, 1333.0, 1342.7, 1333.0, 1342.35
20190712, 1342.3, 1345.0, 1340.25, 1342.25
20190712, 1342.25, 1347.95, 1341.65, 1347.25
20190712, 1347.15, 1347.15, 1344.65, 1348.65
20190712, 1347.65, 1348.8, 1345.65, 1346.6
20190712, 1346.9, 1356.4, 1345.55, 1354.5
20190712, 1354.6, 1356.6, 1353.15, 1355.35
20190712, 1355.35, 1355.5, 1350.1, 1353.0
20190712, 1353.0, 1355.0, 1348.0, 1349.35
20190712, 1349.65, 1359.95, 1348.0, 1359.1
20190712, 1359.1, 1369.55, 1358.65, 1362.8
20190715, 1365.25, 1365.95, 1352.55, 1359.4
20190715, 1359.0, 1362.0, 1354.5, 1361.1
20190715, 1361.5, 1367.0, 1359.0, 1358.95
20190715, 1358.45, 1358.7, 1352.0, 1353.15
20190715, 1352.65, 1357.6, 1347.05, 1355.05
20190715, 1355.1, 1356.55, 1348.0, 1349.05
20190715, 1349.4, 1359.25, 1349.15, 1356.6
20190715, 1356.6, 1358.0, 1351.75, 1356.45
20190715, 1356.4, 1357.6, 1353.1, 1356.35
20190715, 1356.35, 1357.8, 1351.8, 1353.1
20190715, 1353.35, 1357.75, 1352.5, 1356.8
20190715, 1356.65, 1357.3, 1352.3, 1353.85
20190715, 1353.4, 1355.4, 1348.35, 1348.95
20190716, 1355.0, 1360.0, 1345.0, 1354.5
20190716, 1354.45, 1361.45, 1352.95, 1357.95
20190716, 1357.95, 1364.0, 1357.45, 1363.45
20190716, 1363.0, 1365.9, 1361.95, 1362.5
20190716, 1363.25, 1363.25, 1360.8, 1359.8
20190716, 1359.65, 1368.1, 1359.05, 1367.6
20190716, 1367.6, 1373.8, 1367.6, 1370.1
20190716, 1370.1, 1373.4, 1370.0, 1372.35
20190716, 1372.15, 1372.85, 1366.0, 1367.4
20190716, 1367.4, 1372.45, 1367.4, 1372.15
20190716, 1372.15, 1372.15, 1368.65, 1370.05
20190716, 1369.6, 1372.0, 1368.0, 1372.65
20190716, 1372.65, 1375.0, 1370.25, 1371.0
20190717, 1377.0, 1390.0, 1375.5, 1380.85
20190717, 1379.7, 1389.9, 1378.35, 1388.0
20190717, 1388.0, 1389.9, 1382.1, 1384.95
20190717, 1384.95, 1385.9, 1382.75, 1384.0
20190717, 1384.0, 1385.5, 1382.05, 1383.8
20190717, 1383.8, 1385.5, 1383.1, 1385.15
20190717, 1385.2, 1387.9, 1382.6, 1386.6
20190717, 1386.6, 1388.0, 1383.75, 1384.3
20190717, 1384.85, 1393.5, 1384.0, 1393.0
20190717, 1393.0, 1404.85, 1392.75, 1396.0
20190717, 1396.0, 1396.85, 1391.0, 1392.2
20190717, 1391.55, 1398.9, 1390.1, 1397.0
20190717, 1397.05, 1398.6, 1392.9, 1394.0
20190718, 1395.0, 1395.35, 1385.25, 1387.65
20190718, 1387.65, 1393.3, 1385.35, 1388.05
20190718, 1388.05, 1390.55, 1382.15, 1386.45
20190718, 1386.7, 1390.0, 1386.2, 1387.0
20190718, 1386.95, 1389.0, 1385.1, 1386.1
20190718, 1385.9, 1387.45, 1384.6, 1386.0
20190718, 1386.05, 1388.9, 1383.5, 1385.0
20190718, 1385.0, 1387.5, 1380.0, 1382.8
20190718, 1382.8, 1384.95, 1377.2, 1382.6
20190718, 1382.6, 1385.5, 1381.7, 1382.1
20190718, 1382.75, 1390.0, 1381.95, 1385.75
20190718, 1385.8, 1388.5, 1380.25, 1384.05
20190718, 1384.0, 1390.7, 1380.85, 1384.5
20190719, 1390.1, 1399.4, 1386.15, 1388.65
20190719, 1388.65, 1389.0, 1372.05, 1376.55
20190719, 1376.5, 1383.0, 1376.05, 1382.75
20190719, 1382.55, 1383.65, 1369.0, 1373.85
20190719, 1373.85, 1376.45, 1366.0, 1367.95
20190719, 1367.95, 1374.85, 1367.05, 1371.0
20190719, 1371.05, 1375.0, 1369.5, 1375.0
20190719, 1375.0, 1375.0, 1367.05, 1370.5
20190719, 1370.95, 1374.0, 1370.0, 1372.8
20190719, 1372.85, 1376.05, 1371.7, 1371.95
20190719, 1371.9, 1376.0, 1369.6, 1375.0
20190719, 1374.8, 1375.0, 1365.0, 1369.85
20190719, 1369.7, 1374.0, 1368.0, 1373.95
20190722, 1367.8, 1390.05, 1359.05, 1384.0
20190722, 1385.0, 1400.0, 1384.5, 1398.55
20190722, 1398.5, 1410.0, 1395.0, 1397.2
20190722, 1396.8, 1400.0, 1394.0, 1395.4
20190722, 1395.0, 1400.0, 1389.5, 1390.0
20190722, 1389.9, 1394.4, 1387.4, 1389.9
20190722, 1389.9, 1396.4, 1389.5, 1390.5
20190722, 1390.55, 1392.9, 1388.2, 1391.0
20190722, 1391.0, 1392.7, 1389.55, 1390.45
20190722, 1390.5, 1392.5, 1389.55, 1389.95
20190722, 1389.9, 1395.0, 1389.5, 1393.4
20190722, 1393.9, 1405.0, 1393.25, 1402.05
20190722, 1402.0, 1408.0, 1402.0, 1401.0
20190723, 1408.3, 1415.0, 1401.85, 1404.65
20190723, 1404.8, 1412.2, 1404.0, 1407.75
20190723, 1407.75, 1417.0, 1405.5, 1415.4
20190723, 1416.0, 1420.0, 1415.05, 1418.55
20190723, 1417.6, 1423.0, 1416.05, 1420.95
20190723, 1421.0, 1429.5, 1420.8, 1430.45
20190723, 1430.55, 1436.0, 1428.15, 1433.75
20190723, 1434.0, 1437.0, 1430.0, 1436.25
20190723, 1436.25, 1441.95, 1434.55, 1440.75
20190723, 1441.05, 1443.95, 1439.1, 1441.05
20190723, 1441.05, 1441.75, 1424.05, 1427.3
20190723, 1427.65, 1435.75, 1426.3, 1429.25
20190723, 1430.45, 1430.45, 1423.45, 1430.3
20190724, 1432.0, 1442.9, 1429.35, 1435.65
20190724, 1435.15, 1435.65, 1417.05, 1421.55
20190724, 1421.55, 1425.0, 1413.15, 1415.0
20190724, 1414.05, 1424.6, 1414.05, 1425.0
20190724, 1425.45, 1425.6, 1416.0, 1418.35
20190724, 1418.35, 1419.75, 1415.15, 1418.4
20190724, 1418.4, 1418.4, 1408.15, 1411.2
20190724, 1411.4, 1412.45, 1395.15, 1398.2
20190724, 1398.5, 1451.0, 1398.5, 1450.65
20190724, 1450.1, 1478.7, 1449.5, 1476.7
20190724, 1476.5, 1493.5, 1469.1, 1485.45
20190724, 1485.25, 1487.5, 1476.2, 1484.55
20190724, 1485.0, 1490.0, 1476.9, 1479.0
20190725, 1479.95, 1488.7, 1459.05, 1480.0
20190725, 1480.0, 1494.7, 1475.65, 1489.3
20190725, 1489.85, 1491.0, 1468.5, 1485.0
20190725, 1485.25, 1492.0, 1483.0, 1485.25
20190725, 1485.0, 1490.4, 1481.8, 1488.25
20190725, 1488.55, 1488.7, 1483.05, 1486.0
20190725, 1486.0, 1490.0, 1484.7, 1485.65
20190725, 1485.65, 1488.0, 1482.9, 1483.9
20190725, 1483.9, 1503.85, 1483.2, 1501.75
20190725, 1501.75, 1501.75, 1493.55, 1494.75
20190725, 1494.6, 1497.9, 1493.0, 1496.05
20190725, 1496.05, 1498.6, 1493.0, 1498.35
20190725, 1498.3, 1498.35, 1490.05, 1497.6
20190726, 1487.05, 1510.8, 1485.6, 1506.7
20190726, 1506.85, 1507.15, 1499.05, 1504.4
20190726, 1504.0, 1511.0, 1501.5, 1506.05
20190726, 1506.05, 1509.75, 1505.0, 1506.75
20190726, 1506.35, 1507.5, 1503.5, 1506.0
20190726, 1505.9, 1509.9, 1505.0, 1508.5
20190726, 1508.2, 1509.55, 1505.2, 1506.5
20190726, 1506.5, 1510.65, 1505.5, 1508.05
20190726, 1508.05, 1515.0, 1508.0, 1515.0
20190726, 1515.0, 1521.25, 1515.0, 1517.5
20190726, 1517.5, 1522.0, 1516.95, 1520.5
20190726, 1520.5, 1525.05, 1518.0, 1523.25
20190726, 1523.25, 1530.8, 1523.0, 1525.0
20190729, 1523.85, 1524.9, 1515.95, 1516.25
20190729, 1516.85, 1524.0, 1515.15, 1523.35
20190729, 1523.35, 1528.9, 1520.15, 1526.65
20190729, 1527.0, 1538.25, 1525.0, 1534.0
20190729, 1533.6, 1534.8, 1520.25, 1519.0
20190729, 1519.0, 1519.0, 1506.75, 1514.3
20190729, 1514.55, 1518.0, 1506.6, 1511.7
20190729, 1511.7, 1514.25, 1509.0, 1513.05
20190729, 1512.9, 1516.1, 1510.85, 1512.0
20190729, 1511.95, 1520.9, 1511.55, 1517.95
20190729, 1517.95, 1518.7, 1510.8, 1514.0
20190729, 1513.95, 1514.55, 1509.6, 1512.8
20190729, 1512.95, 1516.65, 1511.9, 1514.9
20190730, 1511.1, 1524.0, 1511.1, 1524.6
20190730, 1524.7, 1525.5, 1507.5, 1512.7
20190730, 1513.4, 1517.85, 1510.3, 1511.9
20190730, 1511.4, 1514.95, 1509.3, 1511.55
20190730, 1511.5, 1512.7, 1504.45, 1504.95
20190730, 1505.0, 1509.9, 1504.45, 1508.65
20190730, 1508.65, 1513.9, 1508.5, 1511.35
20190730, 1511.35, 1520.0, 1510.35, 1516.55
20190730, 1516.55, 1525.0, 1516.0, 1525.9
20190730, 1527.0, 1527.0, 1520.7, 1523.3
20190730, 1523.1, 1523.1, 1512.6, 1512.15
20190730, 1512.55, 1514.2, 1502.7, 1509.5
20190730, 1509.35, 1514.45, 1507.4, 1509.5
20190731, 1507.0, 1507.45, 1495.15, 1501.55
20190731, 1501.8, 1513.95, 1501.7, 1506.45
20190731, 1505.8, 1509.0, 1502.0, 1500.6
20190731, 1500.6, 1512.4, 1498.5, 1511.15
20190731, 1511.65, 1518.3, 1509.6, 1515.5
20190731, 1515.5, 1517.45, 1512.1, 1514.95
20190731, 1514.95, 1516.55, 1510.0, 1511.5
20190731, 1511.5, 1515.0, 1506.6, 1514.4
20190731, 1514.4, 1516.5, 1507.1, 1509.55
20190731, 1509.7, 1514.8, 1508.0, 1511.7
20190731, 1511.7, 1518.95, 1510.55, 1516.85
20190731, 1516.85, 1522.0, 1512.35, 1522.4
20190731, 1522.5, 1525.0, 1520.0, 1522.0
20190801, 1515.0, 1531.45, 1511.5, 1520.25
20190801, 1520.25, 1523.0, 1515.3, 1521.0
20190801, 1520.95, 1521.0, 1517.0, 1518.95
20190801, 1518.95, 1522.0, 1515.0, 1515.35
20190801, 1515.35, 1516.7, 1505.25, 1507.05
20190801, 1507.35, 1508.6, 1495.3, 1497.5
20190801, 1496.5, 1501.95, 1496.5, 1503.85
20190801, 1503.95, 1505.65, 1493.65, 1498.75
20190801, 1498.0, 1500.0, 1497.35, 1498.55
20190801, 1498.55, 1505.1, 1495.0, 1500.35
20190801, 1500.75, 1500.8, 1497.95, 1498.55
20190801, 1498.7, 1503.4, 1496.0, 1504.35
20190801, 1504.4, 1516.45, 1502.2, 1510.15
20190802, 1509.0, 1522.0, 1504.5, 1520.35
20190802, 1520.35, 1522.5, 1516.25, 1518.45
20190802, 1518.45, 1519.75, 1515.65, 1519.0
20190802, 1519.0, 1531.2, 1518.05, 1529.25
20190802, 1529.0, 1537.65, 1529.0, 1533.15
20190802, 1532.35, 1533.85, 1530.0, 1528.15
20190802, 1528.1, 1535.0, 1527.25, 1534.5
20190802, 1534.25, 1536.0, 1530.0, 1531.75
20190802, 1531.85, 1539.9, 1530.0, 1535.75
20190802, 1536.0, 1538.0, 1533.65, 1538.0
20190802, 1538.0, 1545.0, 1537.0, 1543.9
20190802, 1543.9, 1548.0, 1539.55, 1544.75
20190802, 1544.75, 1549.25, 1544.0, 1548.0
20190805, 1533.5, 1551.0, 1533.5, 1537.4
20190805, 1536.7, 1545.0, 1533.3, 1539.95
20190805, 1539.95, 1540.3, 1524.0, 1529.45
20190805, 1529.5, 1532.6, 1521.7, 1528.55
20190805, 1528.55, 1535.5, 1527.15, 1531.0
20190805, 1531.0, 1533.2, 1526.65, 1531.15
20190805, 1531.15, 1532.5, 1528.85, 1531.65
20190805, 1531.65, 1533.3, 1523.0, 1527.5
20190805, 1527.15, 1531.0, 1524.45, 1524.3
20190805, 1525.15, 1529.9, 1522.5, 1529.3
20190805, 1529.3, 1529.5, 1524.0, 1527.35
20190805, 1527.35, 1528.0, 1524.0, 1524.3
20190805, 1524.45, 1527.6, 1522.75, 1526.1
20190806, 1529.85, 1544.6, 1524.05, 1538.6
20190806, 1538.55, 1554.0, 1537.3, 1549.85
20190806, 1549.85, 1550.95, 1546.2, 1550.55
20190806, 1550.9, 1554.0, 1550.0, 1550.4
20190806, 1550.5, 1556.0, 1550.0, 1552.8
20190806, 1552.6, 1554.0, 1550.0, 1551.55
20190806, 1551.6, 1553.9, 1550.3, 1552.8
20190806, 1552.6, 1562.0, 1552.6, 1560.0
20190806, 1559.9, 1560.0, 1557.05, 1559.45
20190806, 1559.2, 1566.25, 1558.5, 1564.6
20190806, 1564.6, 1569.15, 1563.0, 1565.6
20190806, 1565.4, 1569.85, 1561.05, 1566.7
20190806, 1566.8, 1569.15, 1563.5, 1563.3
20190807, 1560.0, 1575.0, 1558.3, 1568.15
20190807, 1568.05, 1569.9, 1554.3, 1559.25
20190807, 1559.2, 1559.25, 1551.9, 1555.0
20190807, 1555.55, 1562.0, 1552.25, 1561.15
20190807, 1561.15, 1568.35, 1561.15, 1565.5
20190807, 1565.35, 1567.5, 1558.0, 1563.5
20190807, 1563.75, 1565.0, 1560.25, 1561.95
20190807, 1561.95, 1565.9, 1560.7, 1564.9
20190807, 1565.0, 1565.0, 1558.0, 1556.75
20190807, 1557.0, 1564.5, 1556.15, 1562.5
20190807, 1562.5, 1563.0, 1559.05, 1562.4
20190807, 1562.45, 1563.0, 1557.2, 1561.6
20190807, 1561.7, 1562.55, 1553.0, 1559.2
20190808, 1565.75, 1566.0, 1546.05, 1547.15
20190808, 1547.2, 1548.95, 1540.3, 1544.2
20190808, 1544.45, 1549.0, 1542.8, 1545.65
20190808, 1545.5, 1550.0, 1543.8, 1548.5
20190808, 1548.5, 1552.2, 1544.1, 1551.5
20190808, 1551.95, 1558.95, 1550.25, 1553.6
20190808, 1554.0, 1557.95, 1552.05, 1556.1
20190808, 1555.55, 1556.85, 1548.0, 1549.75
20190808, 1549.7, 1556.0, 1548.0, 1553.15
20190808, 1552.75, 1554.2, 1546.45, 1548.55
20190808, 1549.0, 1556.3, 1546.4, 1553.3
20190808, 1554.0, 1568.95, 1554.0, 1567.15
20190808, 1567.15, 1569.7, 1563.75, 1566.05
20190809, 1570.1, 1573.75, 1561.0, 1574.4
20190809, 1574.2, 1578.65, 1570.35, 1577.95
20190809, 1578.05, 1578.3, 1572.5, 1574.7
20190809, 1574.8, 1576.35, 1571.15, 1572.5
20190809, 1572.5, 1574.0, 1567.75, 1571.85
20190809, 1571.85, 1575.65, 1571.0, 1574.0
20190809, 1574.0, 1574.95, 1571.65, 1575.55
20190809, 1575.65, 1581.9, 1574.25, 1579.8
20190809, 1579.7, 1581.6, 1577.0, 1577.45
20190809, 1577.7, 1580.5, 1573.25, 1577.25
20190809, 1577.15, 1577.6, 1573.8, 1577.65
20190809, 1578.2, 1579.8, 1573.15, 1575.7
20190809, 1575.75, 1578.0, 1573.8, 1575.0
20190813, 1574.9, 1586.0, 1570.0, 1577.9
20190813, 1577.9, 1587.75, 1577.25, 1585.75
20190813, 1585.75, 1591.35, 1582.65, 1591.75
20190813, 1591.75, 1594.0, 1588.5, 1585.8
20190813, 1585.8, 1593.2, 1585.0, 1592.85
20190813, 1593.0, 1593.65, 1586.0, 1589.85
20190813, 1589.75, 1592.0, 1586.0, 1586.35
20190813, 1586.35, 1588.4, 1582.6, 1584.6
20190813, 1584.4, 1586.55, 1577.5, 1585.75
20190813, 1585.75, 1588.6, 1578.55, 1581.5
20190813, 1581.4, 1582.0, 1573.45, 1574.5
20190813, 1573.9, 1575.45, 1568.0, 1574.0
20190813, 1574.0, 1574.5, 1571.5, 1574.45
20190814, 1575.0, 1575.35, 1555.7, 1559.05
20190814, 1559.05, 1559.95, 1552.5, 1559.25
20190814, 1559.15, 1575.5, 1558.75, 1570.5
20190814, 1570.05, 1574.0, 1565.2, 1568.55
20190814, 1568.55, 1573.0, 1566.0, 1566.9
20190814, 1566.9, 1570.0, 1566.25, 1567.4
20190814, 1567.35, 1572.8, 1567.25, 1568.65
20190814, 1568.75, 1570.0, 1566.2, 1566.9
20190814, 1566.35, 1569.8, 1558.55, 1565.2
20190814, 1565.95, 1572.5, 1564.55, 1570.5
20190814, 1570.35, 1570.4, 1564.0, 1564.55
20190814, 1564.8, 1571.25, 1564.1, 1571.0
20190814, 1570.95, 1572.0, 1567.35, 1571.0
20190816, 1571.0, 1574.0, 1561.0, 1571.0
20190816, 1571.55, 1580.8, 1570.2, 1574.35
20190816, 1574.35, 1577.25, 1571.65, 1576.8
20190816, 1577.0, 1580.0, 1575.75, 1579.65
20190816, 1579.6, 1584.5, 1577.5, 1580.0
20190816, 1580.0, 1583.5, 1579.0, 1577.15
20190816, 1577.45, 1581.2, 1574.05, 1574.95
20190816, 1575.0, 1580.75, 1574.4, 1580.45
20190816, 1580.5, 1582.25, 1579.1, 1579.7
20190816, 1579.7, 1581.9, 1576.5, 1581.15
20190816, 1581.15, 1588.7, 1579.4, 1587.5
20190816, 1587.8, 1600.0, 1586.75, 1598.05
20190816, 1597.8, 1600.85, 1591.0, 1593.05
20190819, 1600.0, 1606.3, 1592.0, 1598.95
20190819, 1598.85, 1609.55, 1598.85, 1601.85
20190819, 1601.85, 1605.0, 1599.3, 1603.0
20190819, 1602.2, 1602.9, 1592.5, 1594.65
20190819, 1594.35, 1598.9, 1592.1, 1589.05
20190819, 1588.55, 1595.95, 1587.4, 1594.45
20190819, 1594.5, 1597.85, 1593.0, 1597.1
20190819, 1597.1, 1597.5, 1593.0, 1591.3
20190819, 1591.35, 1593.95, 1586.0, 1591.4
20190819, 1591.4, 1591.4, 1588.75, 1589.35
20190819, 1588.5, 1590.0, 1582.25, 1586.6
20190819, 1586.6, 1589.9, 1584.1, 1587.35
20190819, 1587.5, 1588.65, 1583.5, 1585.0
20190820, 1585.0, 1599.5, 1583.1, 1593.75
20190820, 1593.7, 1593.8, 1588.35, 1589.0
20190820, 1589.0, 1589.65, 1585.0, 1587.7
20190820, 1587.5, 1588.15, 1585.5, 1587.85
20190820, 1587.9, 1588.0, 1582.7, 1587.95
20190820, 1587.95, 1588.0, 1585.35, 1587.8
20190820, 1587.8, 1588.35, 1585.65, 1587.8
20190820, 1587.8, 1588.0, 1585.9, 1587.8
20190820, 1588.0, 1589.4, 1585.85, 1587.6
20190820, 1587.65, 1593.1, 1585.55, 1591.75
20190820, 1591.75, 1594.3, 1590.25, 1589.65
20190820, 1589.85, 1596.95, 1588.55, 1596.6
20190820, 1597.0, 1598.3, 1591.0, 1590.25
20190821, 1586.25, 1592.85, 1580.2, 1588.8
20190821, 1589.0, 1595.0, 1587.15, 1589.25
20190821, 1589.25, 1592.5, 1587.8, 1588.75
20190821, 1588.65, 1590.0, 1585.0, 1585.8
20190821, 1585.7, 1590.45, 1585.0, 1585.6
20190821, 1585.6, 1587.45, 1578.55, 1583.85
20190821, 1583.95, 1591.9, 1583.05, 1591.2
20190821, 1591.4, 1592.0, 1588.15, 1590.55
20190821, 1590.55, 1591.9, 1587.25, 1588.35
20190821, 1588.35, 1594.8, 1588.2, 1588.9
20190821, 1588.85, 1591.45, 1585.85, 1588.05
20190821, 1588.05, 1589.4, 1585.4, 1587.7
20190821, 1588.0, 1594.8, 1587.1, 1588.0
20190822, 1585.0, 1593.9, 1582.0, 1588.35
20190822, 1588.6, 1590.0, 1582.05, 1585.4
20190822, 1585.4, 1587.9, 1575.55, 1576.35
20190822, 1576.5, 1580.9, 1574.0, 1579.7
20190822, 1579.75, 1581.4, 1576.5, 1577.05
20190822, 1577.05, 1577.95, 1575.0, 1575.3
20190822, 1575.3, 1575.95, 1571.3, 1574.6
20190822, 1574.65, 1580.1, 1574.2, 1576.5
20190822, 1576.45, 1576.45, 1567.55, 1568.4
20190822, 1568.4, 1574.65, 1566.3, 1573.95
20190822, 1573.95, 1580.0, 1571.8, 1572.9
20190822, 1572.9, 1575.55, 1568.05, 1570.0
20190822, 1570.0, 1572.1, 1567.55, 1570.0
20190823, 1569.55, 1573.0, 1560.0, 1561.6
20190823, 1561.55, 1568.6, 1558.0, 1559.5
20190823, 1559.5, 1572.25, 1555.65, 1567.75
20190823, 1567.95, 1568.95, 1558.15, 1561.6
20190823, 1561.4, 1564.0, 1559.05, 1560.05
20190823, 1560.05, 1562.3, 1557.55, 1559.55
20190823, 1559.55, 1567.95, 1559.55, 1568.55
20190823, 1568.55, 1576.0, 1568.25, 1575.1
20190823, 1575.1, 1579.8, 1572.65, 1577.0
20190823, 1576.9, 1580.2, 1575.1, 1579.3
20190823, 1579.3, 1582.7, 1576.0, 1578.8
20190823, 1579.35, 1581.85, 1576.2, 1578.3
20190823, 1578.3, 1583.35, 1578.25, 1582.8
20190826, 1590.1, 1594.0, 1577.4, 1584.9
20190826, 1584.9, 1585.0, 1577.15, 1581.3
20190826, 1581.65, 1590.0, 1580.05, 1589.0
20190826, 1588.6, 1591.85, 1586.65, 1591.7
20190826, 1591.75, 1595.0, 1589.0, 1593.55
20190826, 1593.35, 1594.95, 1588.0, 1590.7
20190826, 1590.7, 1593.45, 1588.6, 1592.4
20190826, 1592.1, 1593.3, 1587.25, 1589.65
20190826, 1589.05, 1590.1, 1587.6, 1589.0
20190826, 1588.95, 1590.0, 1584.35, 1589.5
20190826, 1589.5, 1590.0, 1587.05, 1589.3
20190826, 1589.3, 1600.0, 1589.1, 1598.5
20190826, 1598.7, 1600.0, 1594.7, 1591.7
20190827, 1599.0, 1601.1, 1585.5, 1589.95
20190827, 1589.95, 1592.1, 1588.3, 1589.7
20190827, 1590.0, 1596.35, 1589.0, 1595.95
20190827, 1596.0, 1601.9, 1591.65, 1591.1
20190827, 1591.3, 1595.45, 1591.0, 1592.75
20190827, 1592.75, 1602.0, 1592.7, 1600.4
20190827, 1601.0, 1601.0, 1594.0, 1594.7
20190827, 1594.25, 1598.0, 1592.0, 1596.75
20190827, 1596.8, 1600.95, 1595.0, 1598.95
20190827, 1598.9, 1601.0, 1597.9, 1600.2
20190827, 1600.65, 1607.45, 1599.9, 1600.0
20190827, 1599.9, 1604.95, 1594.0, 1598.35
20190827, 1598.4, 1604.45, 1598.3, 1598.65
20190828, 1599.45, 1606.75, 1594.25, 1599.3
20190828, 1599.3, 1602.5, 1590.6, 1595.5
20190828, 1595.5, 1598.0, 1594.05, 1596.6
20190828, 1596.6, 1601.7, 1596.1, 1600.0
20190828, 1600.0, 1600.0, 1596.1, 1598.0
20190828, 1598.0, 1601.15, 1596.0, 1599.1
20190828, 1599.4, 1599.95, 1596.4, 1597.05
20190828, 1597.05, 1599.35, 1595.5, 1597.75
20190828, 1597.75, 1600.7, 1596.05, 1600.0
20190828, 1599.7, 1600.05, 1596.5, 1596.8
20190828, 1596.5, 1600.0, 1596.0, 1595.2
20190828, 1595.2, 1604.0, 1593.8, 1602.2
20190828, 1602.15, 1605.0, 1602.15, 1604.05
20190829, 1600.5, 1603.0, 1594.0, 1597.65
20190829, 1598.85, 1600.65, 1596.0, 1598.65
20190829, 1598.15, 1599.8, 1596.4, 1598.35
20190829, 1598.35, 1599.0, 1591.1, 1593.0
20190829, 1592.65, 1596.0, 1592.25, 1593.1
20190829, 1593.2, 1594.0, 1589.0, 1591.1
20190829, 1590.7, 1597.35, 1589.4, 1596.9
20190829, 1596.75, 1600.0, 1594.45, 1598.7
20190829, 1597.9, 1604.8, 1597.75, 1601.3
20190829, 1601.15, 1610.0, 1600.4, 1609.0
20190829, 1609.0, 1609.55, 1603.5, 1603.5
20190829, 1603.2, 1617.5, 1603.2, 1617.35
20190829, 1617.25, 1619.9, 1616.15, 1616.0
20190830, 1616.4, 1622.5, 1607.0, 1611.0
20190830, 1611.0, 1614.0, 1604.2, 1606.75
20190830, 1606.5, 1609.4, 1600.05, 1603.0
20190830, 1603.0, 1605.0, 1601.2, 1602.1
20190830, 1602.15, 1604.0, 1595.1, 1601.35
20190830, 1601.25, 1606.75, 1597.3, 1599.75
20190830, 1600.0, 1606.95, 1599.75, 1605.0
20190830, 1605.0, 1605.0, 1598.0, 1598.8
20190830, 1598.8, 1603.55, 1595.6, 1602.9
20190830, 1602.9, 1606.15, 1601.75, 1601.4
20190830, 1601.4, 1608.3, 1596.9, 1605.0
20190830, 1604.75, 1617.3, 1604.65, 1613.15
20190830, 1613.65, 1619.6, 1613.5, 1618.55
20190903, 1608.0, 1609.6, 1595.5, 1595.5
20190903, 1595.4, 1597.95, 1593.25, 1594.3
20190903, 1594.05, 1594.2, 1586.5, 1587.0
20190903, 1587.0, 1590.0, 1585.3, 1586.95
20190903, 1586.95, 1590.0, 1583.0, 1589.95
20190903, 1590.0, 1595.0, 1588.65, 1591.85
20190903, 1591.9, 1594.55, 1591.1, 1594.2
20190903, 1594.2, 1594.9, 1587.9, 1589.85
20190903, 1589.75, 1591.5, 1585.5, 1585.9
20190903, 1586.0, 1589.0, 1585.1, 1588.1
20190903, 1587.95, 1589.95, 1587.0, 1587.9
20190903, 1587.75, 1588.0, 1573.55, 1576.2
20190903, 1576.15, 1578.5, 1574.9, 1578.5
20190904, 1579.0, 1582.6, 1556.1, 1559.5
20190904, 1559.5, 1561.9, 1554.3, 1555.45
20190904, 1555.45, 1557.7, 1541.45, 1543.4
20190904, 1543.0, 1550.0, 1538.7, 1539.65
20190904, 1539.3, 1540.0, 1534.1, 1536.5
20190904, 1536.5, 1537.5, 1529.05, 1530.05
20190904, 1530.05, 1534.6, 1527.8, 1531.0
20190904, 1531.0, 1536.6, 1529.1, 1536.8
20190904, 1537.0, 1541.3, 1532.4, 1540.75
20190904, 1541.0, 1541.5, 1536.0, 1537.6
20190904, 1537.45, 1538.9, 1532.1, 1534.5
20190904, 1534.5, 1537.9, 1531.55, 1535.4
20190904, 1535.4, 1537.6, 1532.3, 1537.0
20190905, 1537.15, 1544.4, 1532.0, 1541.5
20190905, 1541.5, 1545.9, 1541.1, 1541.7
20190905, 1542.0, 1542.8, 1522.0, 1521.4
20190905, 1521.4, 1527.0, 1519.25, 1522.75
20190905, 1522.8, 1523.7, 1521.3, 1520.15
20190905, 1520.1, 1523.05, 1518.25, 1521.8
20190905, 1521.7, 1525.9, 1519.45, 1519.7
20190905, 1519.7, 1520.75, 1515.75, 1519.1
20190905, 1519.0, 1519.35, 1515.25, 1516.7
20190905, 1516.7, 1521.95, 1516.6, 1520.0
20190905, 1520.35, 1520.95, 1516.9, 1518.7
20190905, 1518.7, 1521.0, 1517.45, 1520.35
20190905, 1520.4, 1522.75, 1516.95, 1516.55
20190906, 1524.0, 1530.0, 1520.55, 1528.5
20190906, 1528.5, 1531.05, 1519.75, 1523.5
20190906, 1523.5, 1526.0, 1520.9, 1522.5
20190906, 1522.5, 1530.25, 1521.5, 1527.8
20190906, 1527.8, 1528.95, 1525.3, 1530.0
20190906, 1530.0, 1534.8, 1528.3, 1533.0
20190906, 1532.95, 1539.25, 1531.3, 1538.55
20190906, 1538.35, 1539.45, 1533.0, 1534.55
20190906, 1534.55, 1536.75, 1532.0, 1533.3
20190906, 1533.3, 1534.0, 1522.5, 1524.8
20190906, 1525.0, 1527.4, 1522.9, 1526.2
20190906, 1526.15, 1535.0, 1524.75, 1533.05
20190906, 1533.2, 1533.8, 1530.0, 1530.6
20190909, 1530.2, 1538.4, 1524.2, 1529.3
20190909, 1529.5, 1542.8, 1528.3, 1539.6
20190909, 1540.0, 1541.65, 1535.0, 1539.1
20190909, 1539.3, 1540.0, 1537.25, 1539.75
20190909, 1539.75, 1540.0, 1535.05, 1538.45
20190909, 1538.4, 1538.4, 1527.35, 1529.85
20190909, 1530.0, 1536.7, 1526.7, 1534.4
20190909, 1534.45, 1536.8, 1534.4, 1537.2
20190909, 1537.2, 1545.0, 1535.75, 1540.2
20190909, 1540.5, 1540.95, 1534.5, 1539.9
20190909, 1539.9, 1543.0, 1536.55, 1538.2
20190909, 1538.5, 1542.0, 1538.0, 1539.3
20190909, 1539.05, 1541.85, 1538.5, 1539.7
20190911, 1545.0, 1558.25, 1542.65, 1557.85
20190911, 1558.0, 1561.4, 1554.35, 1556.5
20190911, 1556.15, 1563.9, 1556.15, 1562.1
20190911, 1562.0, 1562.45, 1556.4, 1560.2
20190911, 1560.15, 1560.3, 1555.0, 1559.3
20190911, 1559.3, 1560.95, 1556.65, 1559.9
20190911, 1559.9, 1561.2, 1552.0, 1555.85
20190911, 1555.85, 1558.9, 1553.25, 1557.35
20190911, 1557.35, 1558.65, 1555.15, 1556.7
20190911, 1556.7, 1563.6, 1556.65, 1562.95
20190911, 1562.75, 1564.0, 1559.35, 1563.65
20190911, 1563.7, 1565.0, 1556.15, 1560.4
20190911, 1560.4, 1564.0, 1560.0, 1557.6
20190912, 1566.0, 1568.9, 1553.0, 1560.05
20190912, 1560.0, 1560.0, 1551.55, 1552.45
20190912, 1552.95, 1555.0, 1551.2, 1551.85
20190912, 1551.85, 1554.7, 1548.5, 1548.25
20190912, 1548.25, 1550.85, 1548.05, 1549.7
20190912, 1549.75, 1549.75, 1545.6, 1547.2
20190912, 1547.6, 1556.0, 1542.5, 1555.3
20190912, 1555.3, 1556.3, 1549.05, 1550.1
20190912, 1550.1, 1551.75, 1547.5, 1546.9
20190912, 1546.9, 1548.0, 1541.4, 1546.5
20190912, 1546.15, 1546.9, 1542.2, 1543.0
20190912, 1542.75, 1545.9, 1538.35, 1539.3
20190912, 1539.25, 1540.0, 1537.15, 1538.0
20190913, 1540.0, 1544.0, 1533.05, 1536.4
20190913, 1536.15, 1537.8, 1528.0, 1532.0
20190913, 1532.0, 1534.8, 1528.0, 1532.05
20190913, 1532.35, 1537.95, 1532.35, 1536.15
20190913, 1536.8, 1540.25, 1536.15, 1539.0
20190913, 1539.6, 1542.45, 1538.5, 1538.85
20190913, 1539.45, 1539.45, 1534.0, 1537.25
20190913, 1538.0, 1538.95, 1533.6, 1537.8
20190913, 1538.15, 1541.75, 1534.05, 1541.0
20190913, 1540.5, 1546.45, 1539.05, 1545.1
20190913, 1545.3, 1546.6, 1537.05, 1542.35
20190913, 1543.25, 1553.15, 1540.3, 1548.85
20190913, 1548.85, 1549.0, 1544.85, 1545.05
20190916, 1505.05, 1526.95, 1502.1, 1508.85
20190916, 1508.05, 1517.25, 1507.75, 1513.75
20190916, 1514.25, 1515.5, 1511.0, 1512.55
20190916, 1512.7, 1517.95, 1508.75, 1514.6
20190916, 1514.6, 1515.7, 1510.05, 1512.1
20190916, 1512.15, 1516.55, 1510.5, 1516.2
20190916, 1516.15, 1517.7, 1513.0, 1515.3
20190916, 1515.5, 1520.0, 1514.3, 1516.2
20190916, 1516.2, 1519.45, 1513.5, 1517.85
20190916, 1517.85, 1521.9, 1517.05, 1517.05
20190916, 1517.2, 1521.5, 1517.0, 1519.7
20190916, 1519.7, 1526.0, 1518.0, 1520.55
20190916, 1521.0, 1521.9, 1518.95, 1519.0
20190917, 1527.0, 1543.3, 1522.55, 1539.0
20190917, 1539.0, 1539.0, 1531.0, 1530.8
20190917, 1530.8, 1536.0, 1528.0, 1532.1
20190917, 1532.1, 1538.8, 1531.0, 1537.0
20190917, 1537.15, 1538.5, 1533.3, 1533.95
20190917, 1533.95, 1534.75, 1531.3, 1534.4
20190917, 1534.35, 1541.35, 1534.35, 1537.3
20190917, 1536.85, 1538.35, 1532.5, 1533.55
20190917, 1533.55, 1534.5, 1526.05, 1533.55
20190917, 1533.55, 1533.9, 1529.5, 1529.5
20190917, 1529.5, 1531.3, 1518.6, 1525.15
20190917, 1525.0, 1534.9, 1523.3, 1533.45
20190917, 1533.1, 1534.0, 1527.3, 1532.0
20190918, 1542.15, 1551.5, 1537.05, 1541.55
20190918, 1542.0, 1542.9, 1535.0, 1538.2
20190918, 1538.2, 1544.9, 1537.9, 1543.95
20190918, 1543.85, 1543.95, 1539.3, 1542.8
20190918, 1542.35, 1548.1, 1541.75, 1548.85
20190918, 1548.4, 1552.0, 1546.5, 1550.0
20190918, 1550.45, 1559.0, 1548.1, 1555.6
20190918, 1555.6, 1560.95, 1555.1, 1557.6
20190918, 1558.4, 1560.0, 1555.1, 1556.75
20190918, 1556.85, 1557.8, 1548.2, 1549.95
20190918, 1549.95, 1554.95, 1548.0, 1552.25
20190918, 1552.25, 1552.75, 1544.0, 1546.95
20190918, 1547.3, 1549.5, 1545.0, 1549.0
20190919, 1552.0, 1560.9, 1545.0, 1557.2
20190919, 1557.5, 1559.9, 1553.3, 1559.45
20190919, 1559.45, 1562.0, 1555.15, 1555.8
20190919, 1556.0, 1560.95, 1555.4, 1558.95
20190919, 1558.95, 1559.95, 1556.5, 1558.45
20190919, 1558.75, 1563.5, 1557.35, 1562.3
20190919, 1562.0, 1563.0, 1558.0, 1560.35
20190919, 1560.35, 1562.65, 1559.0, 1559.45
20190919, 1559.45, 1561.65, 1559.05, 1560.0
20190919, 1560.0, 1560.55, 1555.65, 1559.7
20190919, 1559.9, 1560.6, 1556.0, 1558.1
20190919, 1558.1, 1559.6, 1553.05, 1556.15
20190919, 1556.3, 1557.0, 1547.55, 1551.2
20190920, 1558.65, 1558.65, 1542.1, 1546.6
20190920, 1546.7, 1550.6, 1543.25, 1548.95
20190920, 1548.9, 1550.0, 1543.55, 1550.0
20190920, 1549.6, 1618.55, 1549.4, 1617.55
20190920, 1617.95, 1626.6, 1605.45, 1609.05
20190920, 1609.65, 1639.0, 1609.45, 1633.35
20190920, 1634.1, 1657.0, 1626.0, 1645.7
20190920, 1646.0, 1659.0, 1638.55, 1657.0
20190920, 1656.55, 1694.7, 1656.55, 1696.15
20190920, 1696.25, 1703.85, 1685.55, 1705.0
20190920, 1705.05, 1725.25, 1682.25, 1688.5
20190920, 1688.5, 1689.25, 1665.4, 1667.65
20190920, 1667.5, 1687.0, 1667.4, 1684.4
20190923, 1706.75, 1802.35, 1706.75, 1794.15
20190923, 1793.55, 1794.35, 1761.9, 1771.35
20190923, 1771.35, 1798.4, 1768.0, 1788.35
20190923, 1788.85, 1796.9, 1785.0, 1793.6
20190923, 1793.9, 1812.0, 1792.7, 1806.65
20190923, 1806.55, 1820.0, 1800.05, 1813.8
20190923, 1814.0, 1818.0, 1803.15, 1811.95
20190923, 1811.8, 1812.0, 1787.7, 1799.5
20190923, 1799.45, 1799.45, 1788.4, 1797.0
20190923, 1797.75, 1803.6, 1791.6, 1793.05
20190923, 1792.95, 1795.6, 1777.8, 1789.0
20190923, 1789.75, 1804.8, 1788.65, 1804.1
20190923, 1804.1, 1820.0, 1800.0, 1809.95
20190924, 1799.95, 1802.95, 1771.05, 1772.75
20190924, 1772.85, 1780.0, 1765.5, 1773.8
20190924, 1773.8, 1777.0, 1759.65, 1763.15
20190924, 1762.65, 1764.85, 1757.4, 1761.35
20190924, 1762.0, 1764.0, 1752.25, 1754.1
20190924, 1754.15, 1760.85, 1752.0, 1756.65
20190924, 1756.75, 1763.85, 1755.0, 1759.05
20190924, 1759.0, 1761.5, 1754.0, 1758.65
20190924, 1758.75, 1760.35, 1754.0, 1759.9
20190924, 1759.9, 1761.85, 1757.3, 1760.4
20190924, 1760.6, 1771.25, 1755.5, 1760.45
20190924, 1760.5, 1767.65, 1757.35, 1765.4
20190924, 1765.3, 1770.7, 1765.25, 1770.0
20190925, 1780.8, 1780.8, 1747.3, 1750.5
20190925, 1750.5, 1767.8, 1750.1, 1757.1
20190925, 1757.0, 1759.85, 1752.0, 1754.5
20190925, 1754.9, 1758.0, 1740.5, 1739.8
20190925, 1739.35, 1740.45, 1728.25, 1736.1
20190925, 1736.4, 1744.65, 1734.75, 1735.95
20190925, 1735.95, 1742.75, 1735.9, 1739.0
20190925, 1739.0, 1740.4, 1734.6, 1734.8
20190925, 1735.0, 1739.4, 1732.15, 1736.85
20190925, 1736.7, 1740.65, 1732.3, 1736.45
20190925, 1736.65, 1743.6, 1731.8, 1740.6
20190925, 1740.85, 1754.9, 1738.65, 1749.45
20190925, 1749.8, 1760.0, 1749.4, 1753.0
20190926, 1761.8, 1775.9, 1755.35, 1774.2
20190926, 1774.25, 1776.0, 1764.2, 1768.3
20190926, 1768.8, 1769.0, 1756.15, 1761.75
20190926, 1761.75, 1768.8, 1756.05, 1756.5
20190926, 1756.5, 1764.8, 1756.0, 1763.7
20190926, 1763.7, 1768.25, 1761.55, 1761.5
20190926, 1761.6, 1762.4, 1752.2, 1753.4
20190926, 1753.4, 1758.85, 1753.4, 1757.85
20190926, 1758.15, 1762.0, 1756.45, 1757.15
20190926, 1757.2, 1757.2, 1753.0, 1754.05
20190926, 1753.55, 1757.6, 1752.9, 1755.9
20190926, 1755.75, 1774.05, 1751.9, 1773.45
20190926, 1774.4, 1780.0, 1768.7, 1779.65
20190927, 1767.2, 1767.35, 1735.35, 1746.45
20190927, 1746.6, 1753.95, 1744.55, 1750.85
20190927, 1750.75, 1758.0, 1744.1, 1746.1
20190927, 1746.5, 1747.95, 1741.85, 1743.35
20190927, 1742.55, 1752.75, 1742.1, 1751.15
20190927, 1751.95, 1754.0, 1746.2, 1746.9
20190927, 1746.85, 1753.5, 1745.0, 1752.0
20190927, 1752.25, 1754.05, 1750.2, 1752.65
20190927, 1752.1, 1762.7, 1751.8, 1759.6
20190927, 1759.05, 1764.95, 1754.65, 1762.8
20190927, 1762.8, 1766.25, 1758.5, 1760.55
20190927, 1760.85, 1781.4, 1760.5, 1779.1
20190927, 1779.1, 1779.75, 1763.3, 1763.9
20190930, 1758.9, 1761.25, 1737.05, 1747.9
20190930, 1747.45, 1752.7, 1745.35, 1749.15
20190930, 1749.2, 1749.5, 1738.3, 1747.45
20190930, 1747.3, 1750.2, 1744.05, 1747.7
20190930, 1746.95, 1749.0, 1743.25, 1748.35
20190930, 1748.2, 1752.15, 1746.85, 1752.0
20190930, 1752.0, 1753.9, 1745.25, 1747.9
20190930, 1747.9, 1753.9, 1747.45, 1750.75
20190930, 1750.1, 1757.45, 1749.6, 1756.0
20190930, 1756.15, 1757.9, 1752.25, 1756.65
20190930, 1756.8, 1766.9, 1754.95, 1757.0
20190930, 1757.2, 1762.4, 1754.0, 1760.65
20190930, 1760.65, 1770.0, 1759.55, 1761.8
20191001, 1769.0, 1799.9, 1769.0, 1786.0
20191001, 1784.3, 1789.4, 1765.0, 1770.7
20191001, 1770.5, 1781.5, 1769.0, 1781.0
20191001, 1781.0, 1786.55, 1778.5, 1779.4
20191001, 1779.5, 1785.0, 1778.5, 1782.95
20191001, 1782.9, 1782.9, 1776.15, 1777.9
20191001, 1777.5, 1780.1, 1771.6, 1777.2
20191001, 1777.1, 1780.95, 1774.1, 1777.9
20191001, 1777.9, 1777.9, 1767.6, 1773.4
20191001, 1774.0, 1774.3, 1758.0, 1763.8
20191001, 1762.5, 1771.25, 1760.75, 1766.7
20191001, 1766.55, 1777.0, 1757.0, 1765.6
20191001, 1765.6, 1768.0, 1760.5, 1760.6
20191003, 1766.0, 1768.25, 1735.0, 1756.85
20191003, 1756.65, 1759.05, 1741.4, 1746.7
20191003, 1746.7, 1746.9, 1741.2, 1744.8
20191003, 1744.3, 1752.75, 1739.0, 1752.5
20191003, 1752.55, 1753.0, 1744.0, 1747.6
20191003, 1747.0, 1752.0, 1742.55, 1745.8
20191003, 1746.1, 1747.8, 1744.0, 1747.25
20191003, 1747.3, 1747.3, 1737.2, 1738.7
20191003, 1738.65, 1742.85, 1732.2, 1742.0
20191003, 1742.0, 1746.0, 1739.95, 1747.65
20191003, 1746.75, 1750.0, 1742.3, 1744.45
20191003, 1744.45, 1750.0, 1741.1, 1749.0
20191003, 1749.0, 1753.75, 1745.65, 1748.0
20191004, 1757.95, 1761.7, 1737.7, 1749.6
20191004, 1749.6, 1751.25, 1733.05, 1736.8
20191004, 1737.1, 1743.0, 1734.35, 1742.8
20191004, 1742.8, 1748.5, 1740.8, 1748.4
20191004, 1748.4, 1752.25, 1742.45, 1742.35
20191004, 1741.7, 1746.65, 1736.55, 1740.0
20191004, 1740.0, 1753.4, 1740.0, 1750.6
20191004, 1750.6, 1752.0, 1742.55, 1746.9
20191004, 1747.4, 1749.6, 1739.2, 1743.45
20191004, 1742.95, 1751.8, 1740.05, 1748.75
20191004, 1748.75, 1750.75, 1732.45, 1736.3
20191004, 1736.0, 1739.5, 1721.45, 1722.35
20191004, 1722.4, 1724.1, 1717.1, 1720.15
20191007, 1724.95, 1739.35, 1718.1, 1735.1
20191007, 1735.1, 1742.95, 1730.1, 1740.5
20191007, 1740.0, 1742.85, 1732.5, 1734.0
20191007, 1733.75, 1735.5, 1730.45, 1734.95
20191007, 1734.5, 1735.0, 1732.0, 1734.5
20191007, 1734.05, 1735.3, 1733.2, 1734.4
20191007, 1734.4, 1735.0, 1731.05, 1734.85
20191007, 1734.8, 1735.0, 1733.15, 1735.0
20191007, 1735.0, 1735.7, 1732.0, 1733.55
20191007, 1733.55, 1734.55, 1729.0, 1730.05
20191007, 1730.0, 1731.0, 1722.45, 1724.5
20191007, 1725.4, 1726.2, 1721.6, 1723.65
20191007, 1723.95, 1730.3, 1722.0, 1724.7
20191009, 1728.7, 1747.6, 1726.2, 1742.0
20191009, 1742.55, 1749.9, 1737.0, 1740.6
20191009, 1740.65, 1746.7, 1736.05, 1746.9
20191009, 1747.0, 1747.6, 1738.0, 1743.3
20191009, 1743.7, 1744.0, 1740.0, 1742.65
20191009, 1742.15, 1745.6, 1740.1, 1741.7
20191009, 1740.95, 1742.5, 1737.0, 1741.2
20191009, 1741.7, 1746.0, 1741.45, 1743.85
20191009, 1743.85, 1746.0, 1739.15, 1741.35
20191009, 1741.35, 1758.0, 1739.65, 1755.6
20191009, 1756.35, 1769.95, 1756.35, 1766.35
20191009, 1766.35, 1778.0, 1765.45, 1777.55
20191009, 1777.65, 1777.75, 1767.5, 1767.25
20191010, 1764.45, 1771.75, 1756.5, 1768.65
20191010, 1768.05, 1789.9, 1767.9, 1787.95
20191010, 1787.9, 1793.0, 1780.3, 1787.85
20191010, 1787.95, 1790.65, 1784.0, 1786.4
20191010, 1786.4, 1786.4, 1768.0, 1773.05
20191010, 1773.05, 1775.35, 1771.2, 1774.95
20191010, 1774.75, 1783.6, 1772.8, 1779.65
20191010, 1779.25, 1779.5, 1765.2, 1773.7
20191010, 1774.0, 1775.25, 1767.8, 1770.0
20191010, 1769.5, 1775.5, 1769.0, 1772.95
20191010, 1772.45, 1776.0, 1770.1, 1771.65
20191010, 1770.85, 1781.0, 1770.0, 1780.0
20191010, 1779.95, 1781.2, 1775.15, 1776.0
20191011, 1787.6, 1801.8, 1781.0, 1794.2
20191011, 1793.85, 1796.75, 1788.5, 1792.5
20191011, 1792.25, 1798.0, 1784.0, 1786.45
20191011, 1786.4, 1788.45, 1777.55, 1785.85
20191011, 1785.85, 1787.0, 1764.05, 1768.35
20191011, 1768.2, 1776.7, 1768.2, 1772.0
20191011, 1772.0, 1780.1, 1771.55, 1776.0
20191011, 1776.3, 1780.0, 1773.3, 1778.3
20191011, 1778.45, 1782.05, 1770.8, 1779.55
20191011, 1779.45, 1790.0, 1775.3, 1788.4
20191011, 1788.25, 1791.75, 1780.3, 1786.95
20191011, 1787.35, 1792.85, 1784.35, 1790.15
20191011, 1790.45, 1792.0, 1788.4, 1787.6
20191014, 1788.75, 1801.55, 1784.7, 1795.8
20191014, 1795.8, 1806.3, 1795.0, 1797.55
20191014, 1798.0, 1799.0, 1790.55, 1796.85
20191014, 1797.85, 1798.4, 1792.0, 1798.0
20191014, 1798.0, 1800.8, 1795.05, 1796.0
20191014, 1796.0, 1798.9, 1793.05, 1795.3
20191014, 1795.3, 1798.95, 1794.9, 1797.9
20191014, 1797.4, 1798.8, 1793.5, 1796.0
20191014, 1795.7, 1796.2, 1791.3, 1795.5
20191014, 1795.5, 1804.25, 1795.45, 1801.15
20191014, 1801.95, 1803.45, 1798.1, 1800.85
20191014, 1800.05, 1802.25, 1795.0, 1799.15
20191014, 1799.2, 1799.75, 1794.5, 1797.0
20191015, 1807.6, 1817.0, 1796.0, 1818.3
20191015, 1818.05, 1825.0, 1815.6, 1819.95
20191015, 1819.9, 1821.85, 1815.1, 1817.75
20191015, 1817.95, 1821.05, 1815.35, 1816.0
20191015, 1816.4, 1816.4, 1811.0, 1812.7
20191015, 1812.65, 1816.45, 1812.0, 1813.9
20191015, 1813.9, 1817.0, 1812.25, 1814.75
20191015, 1814.0, 1815.65, 1812.25, 1812.4
20191015, 1812.4, 1815.95, 1812.0, 1814.95
20191015, 1815.4, 1815.4, 1807.9, 1809.45
20191015, 1809.65, 1811.95, 1805.0, 1805.8
20191015, 1805.8, 1808.0, 1800.4, 1803.55
20191015, 1803.55, 1807.0, 1801.1, 1804.1
20191016, 1808.6, 1814.0, 1787.15, 1789.1
20191016, 1789.2, 1792.8, 1782.2, 1787.0
20191016, 1786.6, 1788.0, 1785.55, 1785.8
20191016, 1785.55, 1788.0, 1785.0, 1787.25
20191016, 1787.25, 1788.0, 1784.75, 1785.7
20191016, 1785.75, 1792.1, 1785.0, 1790.3
20191016, 1790.85, 1793.0, 1787.6, 1788.3
20191016, 1788.35, 1793.0, 1786.95, 1792.0
20191016, 1791.7, 1795.7, 1781.1, 1784.55
20191016, 1784.55, 1786.75, 1769.2, 1768.9
20191016, 1768.2, 1770.4, 1758.8, 1761.6
20191016, 1761.0, 1767.95, 1756.55, 1769.05
20191016, 1769.7, 1771.3, 1768.0, 1767.25
20191017, 1771.95, 1780.4, 1756.0, 1781.7
20191017, 1781.5, 1786.0, 1776.1, 1782.75
20191017, 1782.35, 1783.9, 1777.0, 1782.75
20191017, 1783.7, 1785.8, 1780.35, 1782.5
20191017, 1782.45, 1783.0, 1780.0, 1781.95
20191017, 1782.0, 1788.95, 1780.5, 1788.85
20191017, 1788.2, 1793.0, 1785.5, 1792.55
20191017, 1792.5, 1797.7, 1788.2, 1798.2
20191017, 1798.55, 1799.35, 1788.95, 1794.95
20191017, 1795.0, 1808.7, 1794.6, 1806.95
20191017, 1807.1, 1807.6, 1801.0, 1806.95
20191017, 1806.95, 1816.65, 1806.9, 1811.3
20191017, 1811.9, 1814.5, 1807.25, 1811.0
20191018, 1814.9, 1824.45, 1786.7, 1815.7
20191018, 1815.2, 1818.55, 1807.55, 1812.0
20191018, 1812.0, 1820.0, 1810.0, 1814.8
20191018, 1814.85, 1816.8, 1806.0, 1813.0
20191018, 1813.0, 1815.9, 1810.65, 1812.1
20191018, 1812.3, 1816.0, 1811.0, 1813.95
20191018, 1813.95, 1815.5, 1809.3, 1809.5
20191018, 1809.2, 1810.9, 1805.1, 1809.6
20191018, 1809.6, 1812.0, 1803.1, 1805.55
20191018, 1806.55, 1813.0, 1805.5, 1814.15
20191018, 1814.35, 1814.95, 1808.8, 1814.85
20191018, 1814.4, 1818.0, 1812.55, 1817.8
20191018, 1817.8, 1819.6, 1809.4, 1816.4
20191022, 1825.0, 1825.0, 1796.55, 1808.55
20191022, 1808.75, 1811.0, 1795.3, 1799.9
20191022, 1799.0, 1803.6, 1791.0, 1800.85
20191022, 1800.85, 1805.4, 1796.0, 1800.0
20191022, 1800.15, 1803.2, 1794.1, 1800.05
20191022, 1800.0, 1801.0, 1796.0, 1797.0
20191022, 1797.05, 1805.9, 1795.25, 1803.5
20191022, 1803.5, 1807.0, 1800.85, 1803.7
20191022, 1803.75, 1805.35, 1797.55, 1798.8
20191022, 1797.6, 1800.55, 1792.0, 1796.35
20191022, 1796.35, 1797.65, 1787.1, 1788.7
20191022, 1789.15, 1790.95, 1775.0, 1777.95
20191022, 1778.0, 1787.0, 1777.65, 1780.0
20191023, 1766.2, 1800.0, 1762.0, 1770.0
20191023, 1770.0, 1786.75, 1765.8, 1781.15
20191023, 1781.8, 1784.5, 1775.05, 1777.0
20191023, 1777.05, 1777.65, 1770.0, 1772.8
20191023, 1772.7, 1774.3, 1768.2, 1771.6
20191023, 1772.0, 1781.9, 1771.0, 1781.5
20191023, 1781.5, 1782.25, 1772.3, 1774.35
20191023, 1774.35, 1781.0, 1772.0, 1778.7
20191023, 1778.7, 1782.7, 1777.55, 1778.75
20191023, 1779.45, 1779.5, 1772.6, 1775.0
20191023, 1775.2, 1775.55, 1771.0, 1773.2
20191023, 1772.55, 1773.0, 1764.5, 1766.9
20191023, 1766.5, 1770.0, 1764.1, 1771.2
20191024, 1775.0, 1781.85, 1768.9, 1771.4
20191024, 1771.4, 1771.4, 1760.7, 1766.8
20191024, 1766.75, 1770.9, 1766.0, 1770.2
20191024, 1770.5, 1770.5, 1761.0, 1763.05
20191024, 1763.6, 1764.9, 1753.05, 1759.3
20191024, 1759.25, 1767.0, 1759.0, 1765.5
20191024, 1765.5, 1771.1, 1765.0, 1768.3
20191024, 1768.3, 1773.8, 1767.55, 1771.05
20191024, 1770.2, 1776.75, 1768.8, 1773.15
20191024, 1773.9, 1779.9, 1773.1, 1780.5
20191024, 1780.65, 1794.95, 1777.25, 1790.15
20191024, 1790.15, 1793.0, 1786.85, 1788.7
20191024, 1788.6, 1794.35, 1788.5, 1794.1
20191025, 1797.0, 1798.7, 1785.05, 1792.5
20191025, 1792.15, 1808.4, 1791.9, 1806.85
20191025, 1806.85, 1807.65, 1794.0, 1796.85
20191025, 1797.15, 1806.0, 1794.05, 1802.45
20191025, 1802.1, 1802.55, 1797.15, 1799.8
20191025, 1799.8, 1803.4, 1798.5, 1801.0
20191025, 1801.05, 1802.6, 1800.05, 1801.35
20191025, 1801.4, 1803.5, 1791.05, 1789.65
20191025, 1789.3, 1799.0, 1785.35, 1792.55
20191025, 1792.55, 1798.0, 1792.45, 1795.55
20191025, 1795.55, 1802.5, 1794.55, 1799.7
20191025, 1799.0, 1801.0, 1792.45, 1795.1
20191025, 1794.8, 1797.65, 1794.4, 1795.5
20191027, 1802.95, 1807.55, 1792.9, 1797.0
20191027, 1797.0, 1797.0, 1788.1, 1791.45
20191029, 1794.0, 1794.75, 1772.55, 1776.15
20191029, 1776.15, 1800.4, 1775.35, 1786.65
20191029, 1786.65, 1793.3, 1786.1, 1792.35
20191029, 1792.4, 1796.0, 1787.75, 1795.15
20191029, 1795.55, 1799.0, 1795.0, 1795.85
20191029, 1795.95, 1802.9, 1795.5, 1802.55
20191029, 1802.55, 1804.45, 1798.75, 1804.95
20191029, 1804.85, 1809.7, 1803.8, 1809.85
20191029, 1809.85, 1815.0, 1806.2, 1814.7
20191029, 1815.0, 1819.0, 1813.75, 1817.0
20191029, 1817.0, 1817.95, 1815.0, 1817.5
20191029, 1817.4, 1820.0, 1809.9, 1813.45
20191029, 1813.65, 1818.8, 1813.0, 1817.05
20191030, 1830.0, 1830.0, 1808.0, 1809.9
20191030, 1809.35, 1815.0, 1807.45, 1814.4
20191030, 1814.1, 1817.65, 1813.85, 1815.45
20191030, 1816.4, 1816.7, 1804.0, 1805.95
20191030, 1805.15, 1814.75, 1804.0, 1816.25
20191030, 1816.9, 1819.35, 1814.8, 1818.45
20191030, 1818.45, 1819.4, 1813.4, 1816.95
20191030, 1816.95, 1818.0, 1812.25, 1816.45
20191030, 1816.45, 1817.9, 1811.15, 1815.95
20191030, 1815.9, 1825.0, 1814.8, 1826.9
20191030, 1826.9, 1827.0, 1814.0, 1817.4
20191030, 1817.4, 1822.65, 1815.65, 1821.75
20191030, 1821.9, 1824.0, 1819.05, 1825.0
20191031, 1826.5, 1834.8, 1822.7, 1831.0
20191031, 1831.0, 1833.35, 1820.2, 1824.0
20191031, 1824.0, 1824.0, 1815.2, 1817.85
20191031, 1817.2, 1821.5, 1813.45, 1818.75
20191031, 1819.0, 1823.65, 1815.7, 1819.75
20191031, 1819.0, 1821.6, 1815.15, 1820.95
20191031, 1820.95, 1828.4, 1818.8, 1827.25
20191031, 1827.25, 1827.8, 1824.35, 1827.0
20191031, 1827.0, 1827.5, 1819.0, 1820.5
20191031, 1820.55, 1825.5, 1820.05, 1823.7
20191031, 1823.2, 1824.3, 1808.3, 1808.85
20191031, 1809.0, 1816.95, 1804.0, 1813.05
20191031, 1813.1, 1814.15, 1803.5, 1809.0
20191101, 1815.0, 1821.0, 1807.2, 1804.75
20191101, 1804.05, 1808.65, 1800.3, 1804.75
20191101, 1803.65, 1804.75, 1790.2, 1794.35
20191101, 1793.95, 1798.2, 1792.0, 1794.35
20191101, 1794.0, 1796.0, 1785.3, 1786.65
20191101, 1786.0, 1786.55, 1779.25, 1782.4
20191101, 1782.8, 1786.5, 1778.6, 1782.35
20191101, 1782.65, 1782.65, 1775.0, 1776.75
20191101, 1776.75, 1776.75, 1766.85, 1768.9
20191101, 1769.1, 1774.0, 1766.6, 1768.5
20191101, 1768.55, 1770.0, 1762.0, 1765.05
20191101, 1765.05, 1767.8, 1763.05, 1764.95
20191101, 1764.95, 1771.0, 1764.35, 1770.0
20191104, 1775.35, 1783.4, 1768.0, 1772.4
20191104, 1772.05, 1780.0, 1766.2, 1776.55
20191104, 1776.55, 1781.9, 1776.25, 1780.75
20191104, 1780.75, 1781.1, 1774.65, 1777.0
20191104, 1777.0, 1778.5, 1773.05, 1775.9
20191104, 1775.25, 1778.5, 1772.0, 1774.8
20191104, 1774.7, 1785.0, 1773.55, 1782.4
20191104, 1782.1, 1790.0, 1778.0, 1783.6
20191104, 1783.65, 1787.95, 1783.15, 1784.7
20191104, 1784.7, 1785.1, 1780.3, 1781.6
20191104, 1781.6, 1785.4, 1777.9, 1780.7
20191104, 1780.65, 1787.55, 1778.0, 1786.5
20191104, 1786.5, 1788.8, 1784.65, 1785.0
20191105, 1778.05, 1793.8, 1775.7, 1777.05
20191105, 1777.05, 1778.75, 1773.0, 1775.0
20191105, 1775.55, 1777.0, 1770.0, 1776.1
20191105, 1775.65, 1777.2, 1773.35, 1775.6
20191105, 1775.6, 1776.0, 1771.55, 1772.2
20191105, 1771.8, 1772.1, 1767.6, 1770.0
20191105, 1770.0, 1775.2, 1769.9, 1770.5
20191105, 1770.65, 1783.4, 1770.0, 1775.2
20191105, 1775.75, 1777.35, 1773.0, 1777.2
20191105, 1777.25, 1780.0, 1774.0, 1778.0
20191105, 1777.95, 1787.3, 1777.4, 1786.45
20191105, 1786.0, 1797.4, 1784.55, 1792.95
20191105, 1792.3, 1797.8, 1792.1, 1795.0
20191106, 1788.95, 1795.0, 1780.6, 1793.0
20191106, 1793.25, 1802.0, 1790.15, 1798.25
20191106, 1798.1, 1809.0, 1797.7, 1809.75
20191106, 1809.6, 1810.25, 1805.0, 1807.2
20191106, 1807.1, 1812.9, 1806.5, 1810.0
20191106, 1810.0, 1815.0, 1810.0, 1812.95
20191106, 1812.95, 1813.05, 1808.7, 1812.0
20191106, 1812.0, 1812.1, 1802.45, 1806.7
20191106, 1806.05, 1809.0, 1804.45, 1809.0
20191106, 1808.95, 1810.95, 1806.15, 1806.35
20191106, 1806.0, 1808.5, 1801.0, 1801.0
20191106, 1801.6, 1805.0, 1794.3, 1796.4
20191106, 1796.4, 1800.6, 1796.2, 1798.1
20191107, 1809.8, 1810.3, 1799.0, 1804.4
20191107, 1804.6, 1808.5, 1800.6, 1804.35
20191107, 1805.4, 1805.4, 1798.2, 1802.25
20191107, 1802.45, 1809.8, 1799.6, 1805.1
20191107, 1805.3, 1809.8, 1803.6, 1803.9
20191107, 1803.4, 1806.5, 1801.1, 1801.25
20191107, 1801.1, 1803.0, 1798.3, 1800.0
20191107, 1800.0, 1815.0, 1799.6, 1812.5
20191107, 1811.8, 1819.7, 1810.15, 1813.1
20191107, 1813.2, 1814.95, 1809.15, 1810.35
20191107, 1810.2, 1825.0, 1810.0, 1824.3
20191107, 1824.3, 1830.0, 1821.4, 1825.25
20191107, 1825.3, 1830.9, 1825.15, 1828.0
20191108, 1826.0, 1826.8, 1812.55, 1815.0
20191108, 1814.9, 1815.0, 1801.4, 1805.9
20191108, 1805.9, 1809.65, 1799.0, 1803.05
20191108, 1803.15, 1807.2, 1800.5, 1802.2
20191108, 1802.5, 1804.0, 1792.55, 1793.65
20191108, 1794.25, 1806.5, 1793.45, 1803.7
20191108, 1803.95, 1805.0, 1800.2, 1802.65
20191108, 1803.0, 1809.65, 1802.2, 1804.7
20191108, 1805.0, 1808.5, 1799.95, 1804.0
20191108, 1803.9, 1803.9, 1799.95, 1801.2
20191108, 1801.25, 1803.0, 1796.0, 1796.8
20191108, 1796.8, 1800.15, 1793.2, 1794.45
20191108, 1794.45, 1797.75, 1792.0, 1790.8
20191111, 1789.95, 1793.95, 1778.0, 1784.95
20191111, 1786.5, 1790.0, 1783.0, 1786.95
20191111, 1786.95, 1788.0, 1780.6, 1783.2
20191111, 1782.35, 1782.9, 1772.2, 1775.75
20191111, 1775.7, 1776.5, 1770.05, 1773.8
20191111, 1773.75, 1775.0, 1771.2, 1771.8
20191111, 1771.05, 1774.1, 1770.0, 1769.0
20191111, 1768.5, 1770.0, 1768.2, 1769.7
20191111, 1769.7, 1770.3, 1768.5, 1770.0
20191111, 1770.0, 1777.75, 1769.0, 1775.0
20191111, 1775.6, 1778.0, 1770.55, 1774.45
20191111, 1774.35, 1776.9, 1768.05, 1774.55
20191111, 1774.4, 1776.95, 1771.4, 1773.75
20191113, 1773.95, 1787.0, 1768.0, 1784.65
20191113, 1784.5, 1785.0, 1776.2, 1784.95
20191113, 1785.0, 1785.95, 1778.6, 1780.6
20191113, 1780.65, 1780.9, 1756.7, 1759.0
20191113, 1758.7, 1766.15, 1757.05, 1765.05
20191113, 1764.5, 1764.6, 1759.0, 1759.55
20191113, 1759.15, 1765.0, 1758.85, 1762.05
20191113, 1762.05, 1766.9, 1762.0, 1763.2
20191113, 1763.1, 1766.5, 1760.0, 1762.55
20191113, 1762.0, 1773.95, 1762.0, 1770.5
20191113, 1770.5, 1770.65, 1765.5, 1767.05
20191113, 1767.05, 1774.0, 1764.05, 1770.85
20191113, 1770.85, 1772.6, 1766.45, 1769.0
20191114, 1778.0, 1800.0, 1771.1, 1792.55
20191114, 1792.5, 1798.0, 1785.0, 1785.5
20191114, 1785.2, 1786.35, 1780.35, 1783.0
20191114, 1783.0, 1791.75, 1781.35, 1782.45
20191114, 1782.45, 1783.0, 1772.0, 1772.7
20191114, 1772.25, 1779.95, 1769.0, 1773.85
20191114, 1773.5, 1774.8, 1766.45, 1769.0
20191114, 1769.0, 1772.85, 1768.3, 1769.35
20191114, 1769.95, 1773.85, 1768.05, 1770.15
20191114, 1770.15, 1777.0, 1770.15, 1773.0
20191114, 1773.4, 1777.0, 1772.0, 1777.3
20191114, 1777.3, 1780.0, 1769.0, 1774.0
20191114, 1774.0, 1774.45, 1768.25, 1770.2
20191115, 1780.7, 1781.0, 1772.3, 1777.05
20191115, 1777.05, 1780.6, 1775.55, 1778.2
20191115, 1777.65, 1784.0, 1773.7, 1776.65
20191115, 1776.65, 1780.9, 1775.0, 1780.6
20191115, 1780.6, 1781.0, 1770.55, 1772.25
20191115, 1772.55, 1777.0, 1770.0, 1770.55
20191115, 1770.6, 1771.3, 1766.0, 1768.5
20191115, 1768.5, 1771.7, 1766.35, 1769.75
20191115, 1769.75, 1770.5, 1768.15, 1769.0
20191115, 1768.95, 1771.0, 1767.5, 1769.15
20191115, 1769.1, 1770.65, 1767.15, 1768.8
20191115, 1769.25, 1770.0, 1758.45, 1761.15
20191115, 1761.2, 1761.95, 1756.3, 1760.0
20191118, 1761.0, 1765.45, 1744.1, 1747.4
20191118, 1747.3, 1749.9, 1745.1, 1747.5
20191118, 1747.5, 1748.2, 1734.5, 1737.75
20191118, 1737.75, 1741.45, 1737.15, 1741.15
20191118, 1741.45, 1742.0, 1736.0, 1739.05
20191118, 1738.9, 1741.9, 1737.1, 1737.35
20191118, 1737.35, 1739.6, 1737.2, 1738.2
20191118, 1738.2, 1745.35, 1737.3, 1743.65
20191118, 1743.65, 1746.0, 1740.45, 1747.2
20191118, 1747.25, 1750.9, 1738.4, 1741.5
20191118, 1741.8, 1744.1, 1737.35, 1737.1
20191118, 1737.35, 1743.9, 1737.1, 1738.1
20191118, 1738.15, 1740.0, 1736.5, 1742.0
20191119, 1746.6, 1748.0, 1727.55, 1729.55
20191119, 1729.25, 1735.5, 1727.0, 1728.5
20191119, 1728.5, 1732.35, 1725.6, 1732.85
20191119, 1732.5, 1733.3, 1727.1, 1729.7
20191119, 1729.8, 1732.0, 1728.0, 1730.1
20191119, 1730.0, 1731.95, 1728.65, 1730.3
20191119, 1730.15, 1731.7, 1726.15, 1726.3
20191119, 1726.2, 1730.5, 1723.1, 1725.0
20191119, 1724.75, 1730.45, 1720.0, 1727.25
20191119, 1727.25, 1729.6, 1725.0, 1725.25
20191119, 1725.25, 1728.9, 1722.65, 1724.0
20191119, 1723.85, 1725.0, 1720.1, 1721.6
20191119, 1721.3, 1724.0, 1718.5, 1723.0
20191120, 1729.65, 1729.65, 1715.45, 1724.3
20191120, 1724.0, 1728.35, 1721.85, 1724.55
20191120, 1724.05, 1741.55, 1723.75, 1739.7
20191120, 1739.05, 1748.85, 1736.5, 1743.85
20191120, 1743.35, 1744.9, 1734.05, 1735.55
20191120, 1735.9, 1740.0, 1735.05, 1736.25
20191120, 1736.2, 1736.8, 1731.0, 1732.65
20191120, 1732.55, 1733.15, 1729.3, 1731.0
20191120, 1731.0, 1732.0, 1727.8, 1730.95
20191120, 1730.15, 1731.4, 1722.8, 1725.1
20191120, 1725.1, 1726.45, 1722.8, 1723.05
20191120, 1723.0, 1725.0, 1719.0, 1724.6
20191120, 1724.6, 1724.95, 1720.9, 1723.0
20191121, 1727.1, 1734.85, 1718.6, 1728.6
20191121, 1728.6, 1731.95, 1722.3, 1726.0
20191121, 1726.0, 1726.0, 1711.0, 1715.4
20191121, 1715.4, 1720.75, 1712.05, 1719.0
20191121, 1719.0, 1722.05, 1712.7, 1714.65
20191121, 1714.65, 1720.9, 1714.55, 1719.0
20191121, 1719.0, 1721.0, 1717.95, 1720.4
20191121, 1720.25, 1721.5, 1716.5, 1717.05
20191121, 1717.7, 1718.55, 1713.4, 1716.0
20191121, 1716.0, 1724.35, 1713.7, 1723.5
20191121, 1723.25, 1724.9, 1720.3, 1722.05
20191121, 1722.05, 1725.95, 1716.5, 1719.7
20191121, 1719.75, 1722.55, 1718.15, 1719.0
20191122, 1708.65, 1713.95, 1700.0, 1709.35
20191122, 1709.35, 1710.5, 1704.05, 1706.35
20191122, 1706.25, 1709.45, 1704.8, 1706.65
20191122, 1706.65, 1712.0, 1705.5, 1707.65
20191122, 1707.7, 1707.8, 1692.6, 1698.1
20191122, 1698.3, 1698.5, 1691.5, 1692.15
20191122, 1692.1, 1695.0, 1687.1, 1689.5
20191122, 1689.15, 1691.45, 1685.45, 1690.1
20191122, 1690.15, 1690.35, 1682.05, 1681.4
20191122, 1681.4, 1687.35, 1676.0, 1683.9
20191122, 1683.75, 1687.8, 1683.75, 1684.1
20191122, 1684.15, 1689.95, 1680.0, 1682.05
20191122, 1682.05, 1684.0, 1679.95, 1682.8
20191125, 1685.0, 1688.95, 1666.15, 1675.45
20191125, 1675.45, 1684.0, 1675.45, 1683.5
20191125, 1683.3, 1695.3, 1683.0, 1682.15
20191125, 1682.0, 1685.0, 1675.4, 1677.05
20191125, 1677.05, 1693.5, 1676.55, 1692.0
20191125, 1692.0, 1693.7, 1684.75, 1691.5
20191125, 1692.0, 1699.6, 1691.7, 1696.0
20191125, 1696.0, 1698.0, 1690.05, 1694.8
20191125, 1694.8, 1700.0, 1692.8, 1695.15
20191125, 1695.9, 1700.0, 1694.05, 1697.0
20191125, 1697.0, 1699.05, 1692.5, 1698.0
20191125, 1697.65, 1710.9, 1696.7, 1709.55
20191125, 1709.6, 1717.0, 1708.3, 1717.0
20191126, 1718.0, 1728.85, 1718.0, 1723.0
20191126, 1722.65, 1726.9, 1720.0, 1722.0
20191126, 1721.4, 1722.0, 1710.5, 1713.65
20191126, 1713.6, 1718.85, 1713.35, 1715.3
20191126, 1715.75, 1717.5, 1713.0, 1715.1
20191126, 1715.85, 1716.6, 1711.1, 1712.0
20191126, 1711.9, 1716.8, 1711.5, 1713.2
20191126, 1713.3, 1714.5, 1712.0, 1712.3
20191126, 1712.2, 1713.0, 1703.0, 1708.1
20191126, 1708.0, 1708.45, 1689.4, 1691.65
20191126, 1692.35, 1694.95, 1687.6, 1697.0
20191126, 1697.0, 1709.2, 1693.15, 1709.15
20191126, 1709.2, 1724.9, 1709.2, 1719.1
20191127, 1714.0, 1731.0, 1711.0, 1729.2
20191127, 1730.0, 1730.0, 1723.2, 1724.5
20191127, 1724.45, 1728.2, 1719.0, 1719.4
20191127, 1719.4, 1723.0, 1715.1, 1724.0
20191127, 1724.15, 1726.4, 1715.15, 1714.9
20191127, 1714.9, 1718.5, 1713.0, 1718.0
20191127, 1718.05, 1719.0, 1713.1, 1715.0
20191127, 1714.9, 1718.8, 1713.45, 1715.3
20191127, 1715.5, 1722.0, 1715.25, 1718.6
20191127, 1719.0, 1724.5, 1714.1, 1715.6
20191127, 1715.8, 1718.25, 1708.0, 1705.5
20191127, 1706.0, 1720.0, 1705.45, 1717.55
20191127, 1717.55, 1719.0, 1713.85, 1715.5
20191128, 1719.0, 1724.35, 1706.55, 1710.7
20191128, 1712.1, 1727.55, 1711.35, 1721.0
20191128, 1720.15, 1723.3, 1712.6, 1716.75
20191128, 1716.85, 1719.4, 1714.5, 1718.0
20191128, 1718.0, 1718.45, 1712.3, 1716.95
20191128, 1716.9, 1716.95, 1710.0, 1711.7
20191128, 1711.7, 1716.5, 1710.6, 1716.05
20191128, 1716.25, 1718.0, 1711.5, 1712.5
20191128, 1713.0, 1713.0, 1706.35, 1710.0
20191128, 1710.0, 1710.5, 1706.1, 1709.7
20191128, 1709.5, 1713.0, 1707.25, 1712.4
20191128, 1712.4, 1715.0, 1701.75, 1715.85
20191128, 1715.25, 1719.0, 1712.5, 1717.5
20191129, 1715.0, 1718.0, 1707.0, 1713.95
20191129, 1713.95, 1713.95, 1707.2, 1707.85
20191129, 1707.85, 1708.0, 1693.8, 1696.5
20191129, 1696.55, 1696.55, 1683.1, 1680.55
20191129, 1680.75, 1686.95, 1680.0, 1682.35
20191129, 1682.3, 1684.75, 1680.0, 1678.85
20191129, 1679.05, 1684.8, 1678.7, 1682.0
20191129, 1682.0, 1686.3, 1681.15, 1683.55
20191129, 1683.6, 1684.0, 1680.0, 1681.05
20191129, 1681.1, 1689.0, 1680.1, 1689.0
20191129, 1689.0, 1700.05, 1683.9, 1699.2
20191129, 1699.1, 1702.5, 1696.1, 1702.0
20191129, 1702.0, 1720.4, 1701.95, 1706.0
20191202, 1706.2, 1714.7, 1698.65, 1704.7
20191202, 1704.8, 1709.95, 1703.05, 1706.8
20191202, 1706.75, 1707.75, 1698.35, 1704.3
20191202, 1704.3, 1714.0, 1704.05, 1708.75
20191202, 1708.65, 1719.0, 1708.65, 1717.9
20191202, 1717.95, 1727.4, 1717.95, 1726.0
20191202, 1726.0, 1726.3, 1720.6, 1722.45
20191202, 1722.45, 1725.85, 1717.55, 1725.3
20191202, 1725.4, 1731.5, 1723.0, 1729.45
20191202, 1729.8, 1733.0, 1725.1, 1730.0
20191202, 1729.8, 1732.75, 1726.5, 1734.75
20191202, 1735.0, 1738.75, 1730.7, 1739.9
20191202, 1739.95, 1742.5, 1735.0, 1741.0
20191203, 1741.0, 1746.9, 1729.05, 1735.0
20191203, 1734.9, 1738.25, 1730.05, 1732.0
20191203, 1732.0, 1739.75, 1730.05, 1738.25
20191203, 1738.3, 1742.65, 1735.5, 1740.45
20191203, 1740.85, 1740.85, 1732.8, 1733.95
20191203, 1733.95, 1738.0, 1733.9, 1737.1
20191203, 1737.2, 1746.85, 1737.0, 1745.2
20191203, 1745.25, 1746.35, 1740.9, 1741.65
20191203, 1741.65, 1750.95, 1741.55, 1745.3
20191203, 1745.7, 1745.7, 1725.25, 1732.6
20191203, 1732.85, 1733.7, 1725.0, 1731.3
20191203, 1731.3, 1740.75, 1729.0, 1737.8
20191203, 1737.8, 1741.0, 1732.0, 1728.0
20191204, 1729.75, 1731.0, 1718.0, 1729.0
20191204, 1729.3, 1734.4, 1721.5, 1723.3
20191204, 1723.3, 1727.9, 1722.2, 1724.5
20191204, 1724.5, 1729.15, 1722.85, 1727.8
20191204, 1727.8, 1730.0, 1723.2, 1723.6
20191204, 1723.5, 1725.3, 1720.05, 1722.85
20191204, 1722.85, 1724.0, 1720.0, 1720.0
20191204, 1720.25, 1722.6, 1710.25, 1714.6
20191204, 1714.6, 1717.7, 1713.1, 1715.9
20191204, 1715.95, 1716.85, 1711.55, 1714.65
20191204, 1714.65, 1723.7, 1713.0, 1718.35
20191204, 1718.35, 1722.85, 1713.0, 1721.25
20191204, 1721.45, 1723.95, 1715.85, 1719.4
20191205, 1717.1, 1729.0, 1707.0, 1726.2
20191205, 1726.0, 1731.85, 1724.7, 1729.05
20191205, 1729.0, 1729.8, 1725.0, 1726.7
20191205, 1726.65, 1727.45, 1719.05, 1717.25
20191205, 1717.25, 1721.0, 1715.3, 1718.4
20191205, 1718.4, 1719.0, 1713.0, 1716.55
20191205, 1716.9, 1722.9, 1715.5, 1720.85
20191205, 1720.8, 1731.0, 1720.75, 1729.55
20191205, 1729.95, 1738.15, 1728.5, 1732.65
20191205, 1732.8, 1732.95, 1728.35, 1732.5
20191205, 1732.55, 1733.4, 1720.05, 1722.0
20191205, 1722.05, 1722.05, 1714.0, 1716.0
20191205, 1715.95, 1716.65, 1712.3, 1716.0
20191206, 1722.0, 1731.0, 1716.3, 1726.0
20191206, 1725.0, 1743.5, 1722.05, 1740.5
20191206, 1740.9, 1747.6, 1740.0, 1746.85
20191206, 1746.5, 1746.85, 1740.0, 1743.0
20191206, 1743.0, 1743.0, 1737.1, 1740.0
20191206, 1740.0, 1744.0, 1739.0, 1739.75
20191206, 1739.1, 1744.9, 1738.05, 1741.7
20191206, 1741.9, 1742.15, 1735.25, 1738.8
20191206, 1739.5, 1740.0, 1730.15, 1735.95
20191206, 1735.9, 1736.4, 1724.0, 1724.4
20191206, 1725.2, 1725.4, 1717.0, 1719.2
20191206, 1719.25, 1721.45, 1714.55, 1714.0
20191206, 1714.6, 1719.7, 1712.85, 1719.0
20191209, 1724.9, 1732.9, 1713.0, 1721.4
20191209, 1721.75, 1724.5, 1717.3, 1720.95
20191209, 1720.5, 1721.65, 1711.0, 1713.8
20191209, 1713.25, 1724.75, 1711.25, 1721.75
20191209, 1721.6, 1723.0, 1718.35, 1721.95
20191209, 1721.5, 1725.3, 1720.25, 1721.05
20191209, 1721.8, 1725.0, 1721.1, 1723.7
20191209, 1723.2, 1729.7, 1723.05, 1723.6
20191209, 1723.3, 1727.5, 1722.8, 1725.15
20191209, 1725.2, 1726.45, 1717.9, 1719.8
20191209, 1719.8, 1725.0, 1718.5, 1724.25
20191209, 1724.25, 1729.95, 1722.35, 1725.0
20191209, 1725.0, 1727.0, 1723.45, 1725.9
20191210, 1725.6, 1728.9, 1718.15, 1724.4
20191210, 1724.4, 1732.0, 1721.85, 1728.2
20191210, 1728.45, 1729.75, 1717.05, 1724.7
20191210, 1725.1, 1728.95, 1722.5, 1723.55
20191210, 1723.1, 1723.25, 1719.1, 1720.2
20191210, 1720.55, 1721.65, 1716.45, 1716.25
20191210, 1716.3, 1718.0, 1711.8, 1715.75
20191210, 1715.75, 1717.15, 1713.15, 1716.25
20191210, 1716.2, 1721.0, 1711.6, 1712.4
20191210, 1712.4, 1717.1, 1711.7, 1716.05
20191210, 1716.1, 1717.25, 1710.25, 1711.55
20191210, 1711.55, 1715.0, 1709.0, 1712.35
20191210, 1712.4, 1719.5, 1711.75, 1715.0
20191211, 1715.55, 1727.45, 1713.25, 1721.8
20191211, 1721.75, 1733.0, 1721.0, 1732.7
20191211, 1732.3, 1733.9, 1728.25, 1730.8
20191211, 1730.9, 1732.7, 1728.5, 1729.25
20191211, 1730.0, 1730.9, 1729.0, 1730.15
20191211, 1730.15, 1735.0, 1729.45, 1731.95
20191211, 1731.5, 1737.6, 1731.0, 1735.45
20191211, 1735.8, 1736.0, 1731.15, 1736.0
20191211, 1736.1, 1737.5, 1730.0, 1731.7
20191211, 1731.7, 1737.0, 1731.05, 1735.7
20191211, 1735.65, 1735.65, 1730.45, 1730.05
20191211, 1730.1, 1738.5, 1729.6, 1736.8
20191211, 1737.0, 1741.6, 1736.8, 1735.0
20191212, 1740.35, 1747.45, 1736.25, 1741.1
20191212, 1741.25, 1741.55, 1731.25, 1732.55
20191212, 1733.2, 1737.2, 1728.1, 1730.35
20191212, 1730.35, 1732.95, 1729.5, 1732.1
20191212, 1732.35, 1734.8, 1730.35, 1736.25
20191212, 1736.8, 1736.95, 1732.1, 1733.3
20191212, 1733.1, 1736.4, 1732.3, 1737.35
20191212, 1740.0, 1743.1, 1736.9, 1742.0
20191212, 1742.05, 1743.3, 1740.95, 1741.0
20191212, 1741.0, 1743.95, 1740.5, 1742.45
20191212, 1742.05, 1748.85, 1741.0, 1748.45
20191212, 1748.95, 1754.0, 1746.15, 1748.95
20191212, 1748.95, 1753.35, 1748.3, 1747.0
20191213, 1753.0, 1757.7, 1735.55, 1741.45
20191213, 1741.3, 1744.8, 1737.85, 1742.2
20191213, 1742.0, 1751.95, 1742.0, 1751.25
20191213, 1751.3, 1752.95, 1742.35, 1744.6
20191213, 1744.55, 1748.75, 1740.8, 1745.0
20191213, 1745.05, 1745.95, 1741.6, 1743.0
20191213, 1743.0, 1744.5, 1740.75, 1741.8
20191213, 1741.7, 1743.35, 1739.05, 1739.75
20191213, 1739.8, 1741.8, 1738.6, 1743.0
20191213, 1742.8, 1743.5, 1740.4, 1740.7
20191213, 1740.7, 1745.0, 1739.05, 1743.95
20191213, 1743.95, 1748.0, 1742.45, 1745.25
20191213, 1744.65, 1745.1, 1740.45, 1743.95
20191216, 1745.0, 1750.35, 1734.6, 1734.85
20191216, 1734.85, 1739.9, 1733.55, 1736.5
20191216, 1736.3, 1741.5, 1735.5, 1737.0
20191216, 1737.25, 1738.0, 1730.8, 1732.75
20191216, 1732.7, 1737.95, 1731.05, 1733.7
20191216, 1733.0, 1735.8, 1731.9, 1731.95
20191216, 1731.9, 1735.85, 1728.05, 1735.6
20191216, 1735.3, 1742.0, 1733.0, 1740.35
20191216, 1740.65, 1749.8, 1740.0, 1750.1
20191216, 1750.0, 1751.05, 1740.0, 1741.5
20191216, 1741.8, 1742.75, 1731.35, 1734.5
20191216, 1734.5, 1736.0, 1729.0, 1730.4
20191216, 1730.5, 1735.15, 1729.05, 1732.6
20191217, 1737.5, 1738.8, 1730.25, 1737.5
20191217, 1737.0, 1741.85, 1736.4, 1740.4
20191217, 1740.9, 1743.2, 1738.5, 1742.2
20191217, 1742.5, 1743.9, 1736.1, 1739.4
20191217, 1739.45, 1741.4, 1732.6, 1735.15
20191217, 1735.25, 1739.1, 1735.2, 1736.85
20191217, 1736.8, 1738.25, 1733.4, 1734.0
20191217, 1734.2, 1739.0, 1734.0, 1736.75
20191217, 1736.3, 1740.6, 1734.2, 1740.35
20191217, 1740.35, 1742.0, 1739.05, 1739.15
20191217, 1739.15, 1740.65, 1737.75, 1737.5
20191217, 1737.55, 1747.75, 1737.45, 1744.5
20191217, 1744.6, 1748.95, 1743.65, 1744.5
20191218, 1747.6, 1747.6, 1733.65, 1740.35
20191218, 1740.3, 1743.45, 1738.35, 1742.45
20191218, 1742.05, 1745.0, 1741.4, 1744.35
20191218, 1743.9, 1744.95, 1741.15, 1743.15
20191218, 1743.9, 1748.35, 1742.35, 1748.75
20191218, 1749.65, 1756.9, 1746.1, 1756.6
20191218, 1756.0, 1766.5, 1755.3, 1763.75
20191218, 1763.75, 1765.0, 1760.25, 1762.25
20191218, 1762.5, 1764.2, 1757.35, 1763.3
20191218, 1763.3, 1771.95, 1763.3, 1771.1
20191218, 1771.2, 1777.85, 1770.2, 1777.15
20191218, 1777.5, 1782.0, 1772.5, 1777.5
20191218, 1778.0, 1780.8, 1776.5, 1779.9
20191219, 1779.65, 1804.7, 1775.6, 1795.65
20191219, 1795.3, 1796.3, 1787.5, 1790.0
20191219, 1790.0, 1799.0, 1788.35, 1794.1
20191219, 1794.1, 1795.5, 1790.0, 1791.25
20191219, 1791.25, 1793.0, 1790.0, 1791.25
20191219, 1791.0, 1797.0, 1790.2, 1791.5
20191219, 1792.0, 1793.85, 1790.5, 1792.5
20191219, 1792.55, 1794.0, 1792.0, 1793.05
20191219, 1793.05, 1794.0, 1791.0, 1791.9
20191219, 1791.95, 1794.95, 1784.5, 1794.75
20191219, 1794.75, 1801.9, 1789.05, 1800.2
20191219, 1800.25, 1806.35, 1797.6, 1807.0
20191219, 1807.0, 1807.8, 1798.2, 1800.0
20191220, 1803.2, 1809.0, 1798.0, 1801.5
20191220, 1801.5, 1803.4, 1796.5, 1801.0
20191220, 1800.15, 1805.0, 1797.85, 1803.95
20191220, 1803.95, 1804.0, 1797.05, 1799.55
20191220, 1799.0, 1799.8, 1795.0, 1798.95
20191220, 1798.75, 1799.35, 1797.0, 1799.0
20191220, 1799.0, 1801.0, 1796.0, 1798.7
20191220, 1798.45, 1802.7, 1795.4, 1800.45
20191220, 1800.95, 1801.0, 1796.1, 1798.15
20191220, 1798.15, 1799.0, 1796.0, 1797.0
20191220, 1797.0, 1806.55, 1797.0, 1798.25
20191220, 1798.05, 1802.0, 1796.0, 1798.55
20191220, 1797.95, 1806.25, 1796.8, 1802.9
20191223, 1795.4, 1808.25, 1792.4, 1804.25
20191223, 1804.25, 1805.0, 1796.3, 1797.0
20191223, 1797.4, 1802.3, 1795.0, 1796.65
20191223, 1796.1, 1800.0, 1792.6, 1795.0
20191223, 1795.8, 1795.95, 1793.35, 1794.0
20191223, 1794.0, 1794.75, 1787.8, 1788.1
20191223, 1788.1, 1793.45, 1788.1, 1792.0
20191223, 1792.0, 1793.0, 1790.05, 1791.95
20191223, 1792.0, 1797.2, 1791.35, 1796.45
20191223, 1796.5, 1800.0, 1791.85, 1798.95
20191223, 1798.95, 1800.0, 1790.75, 1796.4
20191223, 1796.4, 1805.0, 1793.95, 1804.0
20191223, 1804.0, 1814.6, 1803.6, 1814.0
20191224, 1813.0, 1821.55, 1806.65, 1822.5
20191224, 1821.9, 1826.0, 1817.05, 1818.05
20191224, 1818.1, 1819.45, 1809.5, 1810.45
20191224, 1809.75, 1814.45, 1807.0, 1808.0
20191224, 1807.65, 1814.8, 1807.25, 1812.05
20191224, 1812.05, 1813.0, 1809.5, 1811.35
20191224, 1811.35, 1811.8, 1803.0, 1808.0
20191224, 1808.0, 1809.95, 1807.0, 1809.8
20191224, 1809.8, 1809.85, 1806.5, 1806.0
20191224, 1805.5, 1811.0, 1805.5, 1810.4
20191224, 1811.0, 1813.0, 1806.1, 1806.85
20191224, 1806.85, 1811.4, 1801.1, 1803.8
20191224, 1803.7, 1805.65, 1799.05, 1799.3
20191226, 1799.4, 1812.7, 1797.05, 1809.25
20191226, 1809.25, 1809.25, 1805.0, 1806.5
20191226, 1806.5, 1809.0, 1805.1, 1805.5
20191226, 1805.15, 1807.45, 1803.15, 1804.2
20191226, 1804.2, 1810.0, 1803.25, 1805.15
20191226, 1805.15, 1807.65, 1803.5, 1806.25
20191226, 1806.2, 1810.0, 1805.2, 1807.95
20191226, 1808.0, 1809.5, 1806.0, 1807.7
20191226, 1807.7, 1815.0, 1807.0, 1811.95
20191226, 1811.95, 1817.8, 1808.0, 1817.45
20191226, 1816.75, 1817.9, 1811.2, 1811.3
20191226, 1811.3, 1813.5, 1806.0, 1812.0
20191226, 1812.0, 1813.15, 1808.1, 1811.0
20191227, 1811.9, 1817.9, 1806.45, 1813.85
20191227, 1813.85, 1814.7, 1808.45, 1809.8
20191227, 1809.8, 1813.75, 1807.5, 1812.45
20191227, 1812.7, 1813.75, 1809.2, 1811.2
20191227, 1811.0, 1812.8, 1810.5, 1812.0
20191227, 1811.5, 1817.05, 1810.2, 1815.05
20191227, 1815.05, 1820.0, 1814.4, 1816.05
20191227, 1816.0, 1817.8, 1814.8, 1817.95
20191227, 1817.6, 1826.0, 1816.65, 1822.65
20191227, 1823.0, 1824.65, 1808.0, 1809.65
20191227, 1809.25, 1810.0, 1803.0, 1804.0
20191227, 1804.0, 1814.9, 1800.6, 1812.05
20191227, 1812.15, 1816.45, 1812.15, 1815.85
20191230, 1810.05, 1818.45, 1808.15, 1813.4
20191230, 1814.2, 1814.25, 1807.45, 1807.5
20191230, 1807.5, 1811.0, 1805.0, 1806.0
20191230, 1805.55, 1807.45, 1804.6, 1805.8
20191230, 1805.5, 1806.9, 1802.6, 1805.2
20191230, 1805.0, 1806.5, 1801.0, 1801.85
20191230, 1801.5, 1804.0, 1800.0, 1802.85
20191230, 1802.1, 1807.7, 1801.75, 1806.5
20191230, 1806.5, 1807.7, 1802.0, 1803.5
20191230, 1803.5, 1804.6, 1801.75, 1802.55
20191230, 1802.55, 1805.25, 1799.0, 1799.8
20191230, 1799.35, 1804.8, 1798.7, 1802.35
20191230, 1802.65, 1804.0, 1799.8, 1802.0
20191231, 1805.0, 1805.0, 1792.15, 1793.4
20191231, 1793.4, 1793.75, 1789.35, 1790.8
20191231, 1790.05, 1794.75, 1789.6, 1793.25
20191231, 1793.0, 1797.6, 1790.5, 1796.65
20191231, 1796.65, 1796.65, 1793.9, 1794.35
20191231, 1794.35, 1797.3, 1787.75, 1789.15
20191231, 1789.15, 1790.55, 1787.75, 1789.65
20191231, 1789.65, 1792.95, 1788.2, 1790.5
20191231, 1790.65, 1794.3, 1790.3, 1791.15
20191231, 1791.25, 1793.0, 1789.5, 1790.5
20191231, 1790.25, 1790.85, 1785.4, 1789.0
20191231, 1789.0, 1790.1, 1781.3, 1782.45
20191231, 1782.35, 1791.95, 1781.1, 1792.0
